   5.0405694e+02   1.3790060e+03
   4.7428268e+02   1.3913100e+03
   4.3534354e+02   1.4148749e+03
   4.0164565e+02   1.4462721e+03
   4.3829102e+02   1.5048448e+03
   4.8903054e+02   1.5497719e+03
   5.6044413e+02   1.5619821e+03
   6.3224721e+02   1.5428192e+03
   6.7620670e+02   1.4867797e+03
   6.9576406e+02   1.4336263e+03
   6.6155914e+02   1.4036528e+03
   6.2984011e+02   1.3860330e+03
   5.9437270e+02   1.3732060e+03
   5.5110071e+02   1.3926988e+03
   4.7021105e+02   1.4207025e+03
   4.2354693e+02   1.4420650e+03
   4.6144853e+02   1.4668456e+03
   5.0014676e+02   1.4801184e+03
   5.5610867e+02   1.4895694e+03
   6.1564772e+02   1.4735043e+03
   6.4353810e+02   1.4545741e+03
   6.8504100e+02   1.4337479e+03
   6.3529237e+02   1.4158124e+03
   5.9885158e+02   1.4140060e+03
   5.5329222e+02   1.4245483e+03
   5.1144052e+02   1.4200546e+03
   4.5247130e+02   1.2229667e+03
   5.5121685e+02   1.2539071e+03
   6.4857653e+02   1.2074228e+03
