   5.2307475e+02   1.3154029e+03
   4.9051237e+02   1.3232165e+03
   4.5197746e+02   1.3378148e+03
   4.2470149e+02   1.3455469e+03
   4.5185312e+02   1.3771176e+03
   4.9597542e+02   1.3987835e+03
   5.6021309e+02   1.4072921e+03
   6.1730050e+02   1.3939569e+03
   6.5636320e+02   1.3638372e+03
   6.8398470e+02   1.3357138e+03
   6.5739929e+02   1.3290204e+03
   6.2852413e+02   1.3199310e+03
   5.9527875e+02   1.3118226e+03
   5.5692910e+02   1.3235285e+03
   4.7346791e+02   1.3556850e+03
   4.3689441e+02   1.3483566e+03
   4.7349852e+02   1.3556588e+03
   5.1522060e+02   1.3644145e+03
   5.5807597e+02   1.3665983e+03
   6.0214799e+02   1.3559306e+03
   6.3834713e+02   1.3441350e+03
   6.6753373e+02   1.3362994e+03
   6.3840590e+02   1.3442029e+03
   6.0232161e+02   1.3557891e+03
   5.5817878e+02   1.3665537e+03
   5.1526199e+02   1.3643613e+03
   4.6716459e+02   1.1249868e+03
   5.5171113e+02   1.1669577e+03
   6.2746863e+02   1.1190741e+03
