   5.2176534e+02   1.4925179e+03
   4.9007409e+02   1.4949727e+03
   4.4585230e+02   1.4964200e+03
   4.0704790e+02   1.4924239e+03
   4.5046070e+02   1.5465357e+03
   5.0760698e+02   1.5825100e+03
   5.7741427e+02   1.5939364e+03
   6.4868183e+02   1.5746954e+03
   7.0132583e+02   1.5192623e+03
   7.3551871e+02   1.4717177e+03
   6.9891905e+02   1.4825726e+03
   6.5436140e+02   1.4836096e+03
   6.1518540e+02   1.4846336e+03
   5.6376249e+02   1.5026989e+03
   4.6072006e+02   1.5140662e+03
   4.1579809e+02   1.4966474e+03
   4.6087777e+02   1.5140252e+03
   5.1797796e+02   1.5287266e+03
   5.6739706e+02   1.5338023e+03
   6.3400794e+02   1.5173567e+03
   6.8621683e+02   1.4971110e+03
   7.2998064e+02   1.4767329e+03
   6.8614944e+02   1.4971273e+03
   6.3406298e+02   1.5175050e+03
   5.6740491e+02   1.5337345e+03
   5.1800812e+02   1.5288259e+03
   4.6219027e+02   1.3399003e+03
   5.6616433e+02   1.3644895e+03
   6.7472129e+02   1.3207179e+03
