   4.8421247e+02   1.3729566e+03
   4.4618141e+02   1.3839242e+03
   4.1067219e+02   1.3977242e+03
   3.8239691e+02   1.4075253e+03
   4.1518200e+02   1.4521917e+03
   4.6343953e+02   1.4885700e+03
   5.2595035e+02   1.5006727e+03
   5.8712521e+02   1.4885258e+03
   6.4003196e+02   1.4448200e+03
   6.6754295e+02   1.4044513e+03
   6.3833711e+02   1.3956312e+03
   6.0312774e+02   1.3830238e+03
   5.7132317e+02   1.3732204e+03
   5.2443322e+02   1.3909251e+03
   4.3175558e+02   1.4149713e+03
   3.9571024e+02   1.4079065e+03
   4.3166591e+02   1.4148150e+03
   4.7799533e+02   1.4218712e+03
   5.2424995e+02   1.4241069e+03
   5.7861431e+02   1.4202957e+03
   6.1730584e+02   1.4133894e+03
   6.5400078e+02   1.4059227e+03
   6.1734073e+02   1.4131669e+03
   5.7874467e+02   1.4202101e+03
   5.2428822e+02   1.4240028e+03
   4.7799897e+02   1.4218760e+03
   4.4247580e+02   1.2201245e+03
   5.3306332e+02   1.2535205e+03
   6.2429742e+02   1.2162080e+03
