   5.0926591e+02   1.3376555e+03
   4.7068896e+02   1.3490035e+03
   4.2792876e+02   1.3620151e+03
   3.9580875e+02   1.3667829e+03
   4.3511070e+02   1.4146039e+03
   4.9090482e+02   1.4501819e+03
   5.5298664e+02   1.4624021e+03
   6.1878591e+02   1.4506398e+03
   6.8020111e+02   1.4068073e+03
   7.0677873e+02   1.3624827e+03
   6.7816467e+02   1.3581330e+03
   6.3891322e+02   1.3466091e+03
   5.9999452e+02   1.3382460e+03
   5.5195790e+02   1.3557265e+03
   4.5725006e+02   1.3812829e+03
   4.1277377e+02   1.3682564e+03
   4.5728199e+02   1.3813322e+03
   5.0346232e+02   1.3880322e+03
   5.5230596e+02   1.3923042e+03
   6.1405848e+02   1.3836779e+03
   6.5684517e+02   1.3731442e+03
   6.9463328e+02   1.3654858e+03
   6.5681221e+02   1.3731136e+03
   6.1397016e+02   1.3836315e+03
   5.5235096e+02   1.3922321e+03
   5.0344829e+02   1.3879763e+03
   4.6179340e+02   1.1697368e+03
   5.5774359e+02   1.2037096e+03
   6.5689371e+02   1.1649876e+03
