   5.3491614e+02   1.4956515e+03
   4.9879808e+02   1.5015081e+03
   4.5782079e+02   1.5108348e+03
   4.1294347e+02   1.5128334e+03
   4.6793589e+02   1.6098703e+03
   5.1525675e+02   1.6561315e+03
   5.8207404e+02   1.6727128e+03
   6.5494829e+02   1.6573837e+03
   7.0644960e+02   1.5864782e+03
   7.3608495e+02   1.5206800e+03
   7.0242995e+02   1.5167403e+03
   6.7227924e+02   1.5068439e+03
   6.3794390e+02   1.4977659e+03
   5.8527042e+02   1.5150767e+03
   4.7865905e+02   1.5256166e+03
   4.2119757e+02   1.5175056e+03
   4.6835392e+02   1.5521457e+03
   5.1433100e+02   1.5718057e+03
   5.8297706e+02   1.5899984e+03
   6.3925620e+02   1.5779785e+03
   6.7927652e+02   1.5474653e+03
   7.2739143e+02   1.5224542e+03
   6.6958600e+02   1.5259928e+03
   6.3682078e+02   1.5375257e+03
   5.8373062e+02   1.5434897e+03
   5.2242465e+02   1.5348242e+03
   4.7903769e+02   1.3292284e+03
   5.8990888e+02   1.3720437e+03
   7.1532374e+02   1.3364312e+03
