   5.7491756e+02   1.1966689e+03
   5.4417597e+02   1.2031379e+03
   5.1486906e+02   1.2116005e+03
   4.8419587e+02   1.2225479e+03
   5.0940244e+02   1.2513724e+03
   5.4335998e+02   1.2737748e+03
   5.9890585e+02   1.2830565e+03
   6.5714540e+02   1.2724278e+03
   6.9021305e+02   1.2378264e+03
   7.0757484e+02   1.2210526e+03
   6.8949355e+02   1.2105032e+03
   6.6704011e+02   1.2026153e+03
   6.3426356e+02   1.1937361e+03
   6.0100705e+02   1.2058506e+03
   5.2922212e+02   1.2306383e+03
   4.9873957e+02   1.2268409e+03
   5.2921536e+02   1.2306806e+03
   5.6849063e+02   1.2390770e+03
   5.9976214e+02   1.2412274e+03
   6.2995630e+02   1.2360679e+03
   6.5850052e+02   1.2246541e+03
   6.9561838e+02   1.2206822e+03
   6.5849273e+02   1.2246656e+03
   6.2988491e+02   1.2360972e+03
   5.9980720e+02   1.2412237e+03
   5.6849777e+02   1.2390998e+03
   5.1376368e+02   1.0024886e+03
   5.9950954e+02   1.0433936e+03
   6.7299417e+02   9.9277795e+02
