   5.5830211e+02   1.0953993e+03
   5.3221662e+02   1.1014690e+03
   5.0262284e+02   1.1108972e+03
   4.7191452e+02   1.1237072e+03
   4.9569417e+02   1.1326714e+03
   5.3397423e+02   1.1404258e+03
   5.8938366e+02   1.1446931e+03
   6.3465321e+02   1.1408315e+03
   6.7466909e+02   1.1283164e+03
   7.0114243e+02   1.1107602e+03
   6.7548354e+02   1.0993385e+03
   6.5105880e+02   1.0940021e+03
   6.2401956e+02   1.0904944e+03
   5.9086681e+02   1.1004718e+03
   5.0431572e+02   1.1186595e+03
   4.7922559e+02   1.1232405e+03
   5.0435811e+02   1.1186423e+03
   5.5415752e+02   1.1154805e+03
   5.8952477e+02   1.1185146e+03
   6.2833236e+02   1.1116553e+03
   6.6575021e+02   1.1065603e+03
   6.8920419e+02   1.1091210e+03
   6.6599907e+02   1.1066987e+03
   6.2836538e+02   1.1117288e+03
   5.8955277e+02   1.1184841e+03
   5.5423612e+02   1.1154095e+03
   4.9968250e+02   9.6183027e+02
   5.8378198e+02   9.9248258e+02
   6.7690302e+02   9.5625454e+02
