   6.8320901e+02   1.1208597e+03
   6.5419531e+02   1.1344576e+03
   6.1860302e+02   1.1574154e+03
   5.8154110e+02   1.1852598e+03
   6.1873808e+02   1.1969093e+03
   6.6513757e+02   1.2053837e+03
   7.0314179e+02   1.1996452e+03
   7.4088607e+02   1.1721740e+03
   7.5805178e+02   1.1430581e+03
   7.6748519e+02   1.1140789e+03
   7.6110280e+02   1.1121681e+03
   7.4798970e+02   1.1097965e+03
   7.3236373e+02   1.1081722e+03
   7.1144906e+02   1.1263781e+03
   6.2634156e+02   1.1778808e+03
   6.0028124e+02   1.1815591e+03
   6.2619524e+02   1.1779557e+03
   6.5452465e+02   1.1593341e+03
   7.0782184e+02   1.1527724e+03
   7.2969340e+02   1.1341124e+03
   7.4454329e+02   1.1232126e+03
   7.5898390e+02   1.1185926e+03
   7.4475469e+02   1.1229459e+03
   7.2952185e+02   1.1339354e+03
   7.0766296e+02   1.1525709e+03
   6.5434369e+02   1.1593474e+03
   5.4328923e+02   9.8930833e+02
   6.4764343e+02   1.0053145e+03
   7.0058908e+02   9.6766973e+02
