   5.6256998e+02   1.0766450e+03
   5.0857003e+02   1.0948127e+03
   4.7562930e+02   1.1066591e+03
   4.5036653e+02   1.1273732e+03
   4.9897353e+02   1.1272750e+03
   5.4626887e+02   1.1379912e+03
   5.9938974e+02   1.1392890e+03
   6.5379421e+02   1.1270691e+03
   6.9491144e+02   1.1191646e+03
   7.3302883e+02   1.1155856e+03
   7.1989178e+02   1.1065510e+03
   6.8642470e+02   1.0931907e+03
   6.3641175e+02   1.0824845e+03
   5.9701070e+02   1.0892973e+03
   5.0588053e+02   1.1105523e+03
   4.6831784e+02   1.1181813e+03
   5.0620490e+02   1.1106708e+03
   5.4787697e+02   1.1108869e+03
   5.9798396e+02   1.1147799e+03
   6.3349199e+02   1.1069939e+03
   6.8165221e+02   1.1069937e+03
   7.2114737e+02   1.1136392e+03
   6.8067908e+02   1.1072589e+03
   6.3349199e+02   1.1062857e+03
   5.9798396e+02   1.1140718e+03
   5.4787697e+02   1.1114173e+03
   5.1536013e+02   9.3927219e+02
   5.9259793e+02   9.7227071e+02
   6.5532010e+02   9.3364673e+02
