   5.5758624e+02   1.1103233e+03
   5.2204413e+02   1.1243783e+03
   4.9314231e+02   1.1563258e+03
   4.7659937e+02   1.2128674e+03
   4.9440818e+02   1.2581734e+03
   5.3485956e+02   1.3023222e+03
   5.9025280e+02   1.3129649e+03
   6.3834632e+02   1.3092996e+03
   6.7770523e+02   1.2683943e+03
   6.9788149e+02   1.2149050e+03
   6.8097899e+02   1.1666921e+03
   6.5423462e+02   1.1386828e+03
   6.1505110e+02   1.1136105e+03
   5.8739523e+02   1.1220247e+03
   5.3353592e+02   1.1800756e+03
   5.1217389e+02   1.2090318e+03
   5.3320806e+02   1.2280142e+03
   5.5748348e+02   1.2360250e+03
   5.8656535e+02   1.2381735e+03
   6.2137461e+02   1.2355601e+03
   6.4475075e+02   1.2215482e+03
   6.6332032e+02   1.2113241e+03
   6.4285227e+02   1.1892991e+03
   6.1841068e+02   1.1708161e+03
   5.8775602e+02   1.1659718e+03
   5.5860058e+02   1.1665284e+03
   5.2182325e+02   9.9007852e+02
   5.9261097e+02   1.0323885e+03
   6.6901814e+02   9.8918116e+02
