   5.5393943e+02   1.1051405e+03
   5.2063643e+02   1.1182102e+03
   4.8815249e+02   1.1445750e+03
   4.7123690e+02   1.1955808e+03
   4.9327877e+02   1.2319088e+03
   5.3112940e+02   1.2705718e+03
   5.8671965e+02   1.2808373e+03
   6.3307054e+02   1.2783467e+03
   6.6943427e+02   1.2405074e+03
   6.9095005e+02   1.1956585e+03
   6.7968458e+02   1.1564808e+03
   6.4935118e+02   1.1319864e+03
   6.1016900e+02   1.1103932e+03
   5.8409876e+02   1.1168428e+03
   5.2441181e+02   1.1684353e+03
   5.0318352e+02   1.1932743e+03
   5.2965587e+02   1.2045674e+03
   5.5161994e+02   1.2089496e+03
   5.8559351e+02   1.2104638e+03
   6.1119858e+02   1.2106431e+03
   6.3677057e+02   1.2013030e+03
   6.5806098e+02   1.1933257e+03
   6.4008494e+02   1.1738274e+03
   6.1764560e+02   1.1537183e+03
   5.8471668e+02   1.1568157e+03
   5.5256558e+02   1.1529646e+03
   5.1968072e+02   9.8642351e+02
   5.8883655e+02   1.0275623e+03
   6.6647621e+02   9.8639398e+02
