   5.6239939e+02   1.0277273e+03
   5.3119953e+02   1.0436710e+03
   4.9679714e+02   1.0823675e+03
   4.8223944e+02   1.1509506e+03
   5.0026562e+02   1.2097694e+03
   5.2984483e+02   1.2652493e+03
   6.0264148e+02   1.2887565e+03
   6.6932902e+02   1.2746084e+03
   7.0059242e+02   1.2163909e+03
   7.1946968e+02   1.1382078e+03
   6.9610041e+02   1.0757681e+03
   6.6228076e+02   1.0412943e+03
   6.3115769e+02   1.0269137e+03
   5.9400442e+02   1.0353374e+03
   5.1173458e+02   1.1102961e+03
   4.9539320e+02   1.1490324e+03
   5.1416295e+02   1.1859999e+03
   5.5068775e+02   1.2193580e+03
   6.0000823e+02   1.2372065e+03
   6.5042042e+02   1.2164730e+03
   6.8337515e+02   1.1779311e+03
   7.0935172e+02   1.1410571e+03
   6.8783607e+02   1.1060239e+03
   6.4161078e+02   1.0881641e+03
   5.9441029e+02   1.0838171e+03
   5.4415016e+02   1.0938355e+03
   5.0949015e+02   8.6504346e+02
   5.9061267e+02   9.0807296e+02
   6.6843089e+02   8.5478979e+02
