   5.6623905e+02   9.2637230e+02
   5.2504109e+02   9.4173479e+02
   4.8154595e+02   9.9251348e+02
   4.6308602e+02   1.0950695e+03
   4.9234591e+02   1.1730143e+03
   5.3951804e+02   1.2626225e+03
   6.2309459e+02   1.2933479e+03
   6.8674592e+02   1.2643297e+03
   7.1996722e+02   1.1926443e+03
   7.3926992e+02   1.0868194e+03
   7.1911370e+02   9.6776266e+02
   6.8359511e+02   9.3576051e+02
   6.3186032e+02   9.2125141e+02
   6.0090431e+02   9.2978613e+02
   4.9034378e+02   1.0471360e+03
   4.8157807e+02   1.0939317e+03
   5.1111171e+02   1.1640560e+03
   5.5970635e+02   1.2041693e+03
   6.2281019e+02   1.2218078e+03
   6.7794806e+02   1.1962034e+03
   7.2170639e+02   1.1282097e+03
   7.2932332e+02   1.0680430e+03
   7.0036931e+02   1.0313432e+03
   6.6514600e+02   9.9805769e+02
   5.9919720e+02   9.8952314e+02
   5.2727429e+02   1.0019016e+03
   5.0331378e+02   7.6913351e+02
   5.9054637e+02   8.0847475e+02
   6.6974970e+02   7.5630170e+02
