   5.5957213e+02   1.0741517e+03
   5.2503507e+02   1.0851457e+03
   4.9528032e+02   1.1195102e+03
   4.7063196e+02   1.1819333e+03
   5.0061816e+02   1.2425748e+03
   5.4630659e+02   1.2883506e+03
   5.9707521e+02   1.2914025e+03
   6.4577732e+02   1.2940090e+03
   6.9115862e+02   1.2437692e+03
   7.2292780e+02   1.1796145e+03
   6.9417456e+02   1.1257538e+03
   6.6815229e+02   1.0935657e+03
   6.3718462e+02   1.0744496e+03
   5.9573554e+02   1.0873393e+03
   5.2057357e+02   1.1363160e+03
   4.8847120e+02   1.1771610e+03
   5.1582648e+02   1.2053286e+03
   5.5111796e+02   1.2234734e+03
   5.9742655e+02   1.2262153e+03
   6.3908343e+02   1.2232227e+03
   6.7185715e+02   1.2043345e+03
   7.0942382e+02   1.1767098e+03
   6.7656912e+02   1.1477968e+03
   6.4706375e+02   1.1298524e+03
   6.0102797e+02   1.1233675e+03
   5.5986683e+02   1.1268273e+03
   5.1741109e+02   9.4065000e+02
   5.9491839e+02   9.7231557e+02
   6.6513532e+02   9.3336652e+02
