   4.7619700e+02   1.3507718e+03
   4.4827868e+02   1.3613155e+03
   4.1865332e+02   1.3838449e+03
   4.0123643e+02   1.4085051e+03
   4.2400677e+02   1.4528793e+03
   4.6860041e+02   1.5002884e+03
   5.4382076e+02   1.5071530e+03
   5.9546292e+02   1.4864015e+03
   6.3261922e+02   1.4220226e+03
   6.6193231e+02   1.3547661e+03
   6.3704493e+02   1.3483296e+03
   6.0605337e+02   1.3396732e+03
   5.6632679e+02   1.3361380e+03
   5.2418586e+02   1.3607606e+03
   4.4099327e+02   1.3919908e+03
   4.0846420e+02   1.4067514e+03
   4.4136319e+02   1.4300140e+03
   4.7372099e+02   1.4400028e+03
   5.3583941e+02   1.4497312e+03
   5.9045592e+02   1.4191212e+03
   6.2129279e+02   1.3872845e+03
   6.5390692e+02   1.3569858e+03
   6.0365142e+02   1.3599935e+03
   5.6969060e+02   1.3722019e+03
   5.2661109e+02   1.3830675e+03
   4.7802336e+02   1.3833448e+03
   4.2241113e+02   1.2292477e+03
   5.0910974e+02   1.2499999e+03
   5.8718577e+02   1.2101578e+03
