   5.0398973e+02   1.5961067e+03
   4.7230388e+02   1.5976900e+03
   4.4291036e+02   1.6073709e+03
   4.1755457e+02   1.6189363e+03
   4.3131659e+02   1.6971112e+03
   4.7125905e+02   1.7472799e+03
   5.4266256e+02   1.7746859e+03
   6.1946916e+02   1.7554701e+03
   6.6704803e+02   1.7098393e+03
   7.0487162e+02   1.6243466e+03
   6.8322993e+02   1.6151038e+03
   6.4910592e+02   1.6049213e+03
   6.1152701e+02   1.5997415e+03
   5.5380283e+02   1.6155005e+03
   4.6465940e+02   1.6181721e+03
   4.2631699e+02   1.6221514e+03
   4.5293495e+02   1.6650340e+03
   4.8748761e+02   1.6949915e+03
   5.4741368e+02   1.7142861e+03
   6.1406775e+02   1.6981626e+03
   6.5658690e+02   1.6626840e+03
   6.9559173e+02   1.6250217e+03
   6.4115965e+02   1.6225294e+03
   6.0094377e+02   1.6319874e+03
   5.5255908e+02   1.6363196e+03
   5.0434008e+02   1.6223960e+03
   4.4638055e+02   1.4105105e+03
   5.6401715e+02   1.4548208e+03
   7.1219675e+02   1.4164589e+03
