   5.4721200e+02   1.6877730e+03
   5.1592903e+02   1.6862597e+03
   4.8328164e+02   1.6863618e+03
   4.4237336e+02   1.6893265e+03
   4.7111318e+02   1.7470292e+03
   5.1096204e+02   1.7821614e+03
   5.7409172e+02   1.8049621e+03
   6.5077202e+02   1.7906606e+03
   7.0166604e+02   1.7514479e+03
   7.4022219e+02   1.6928866e+03
   7.1196302e+02   1.6906946e+03
   6.7465293e+02   1.6891475e+03
   6.4125035e+02   1.6883595e+03
   5.8868547e+02   1.6978567e+03
   4.9283456e+02   1.7026172e+03
   4.5441285e+02   1.6932716e+03
   4.9285465e+02   1.7026278e+03
   5.3333407e+02   1.7143231e+03
   5.8484781e+02   1.7265906e+03
   6.3591312e+02   1.7160138e+03
   6.8036166e+02   1.7002819e+03
   7.3429112e+02   1.6939525e+03
   6.8035850e+02   1.7002780e+03
   6.3593005e+02   1.7160490e+03
   5.8486133e+02   1.7265929e+03
   5.3336903e+02   1.7143132e+03
   4.8364199e+02   1.5146669e+03
   6.2458208e+02   1.5631686e+03
   7.4318740e+02   1.5126309e+03
