   5.0650131e+02   1.6345140e+03
   4.7974891e+02   1.6353227e+03
   4.5249019e+02   1.6430642e+03
   4.3548490e+02   1.6540678e+03
   4.4763315e+02   1.7217189e+03
   4.8742665e+02   1.7672993e+03
   5.5185496e+02   1.7936532e+03
   6.2552093e+02   1.7810143e+03
   6.5831371e+02   1.7498360e+03
   7.0134243e+02   1.6584033e+03
   6.7062466e+02   1.6488367e+03
   6.3223452e+02   1.6378145e+03
   6.0145412e+02   1.6341649e+03
   5.5232984e+02   1.6522198e+03
   4.7103538e+02   1.6538297e+03
   4.4728512e+02   1.6561320e+03
   4.6256351e+02   1.6997622e+03
   4.9511182e+02   1.7285726e+03
   5.5032598e+02   1.7454856e+03
   6.2070139e+02   1.7330839e+03
   6.6154021e+02   1.6936448e+03
   6.9100445e+02   1.6582134e+03
   6.4678508e+02   1.6573794e+03
   6.0784095e+02   1.6685509e+03
   5.5173761e+02   1.6772760e+03
   5.0503312e+02   1.6585681e+03
   4.4961178e+02   1.4671914e+03
   5.5764212e+02   1.5171469e+03
   6.7849402e+02   1.4860665e+03
