   5.2579581e+02   1.4383198e+03
   4.8152251e+02   1.4480265e+03
   4.3857424e+02   1.4528020e+03
   4.0231936e+02   1.4533586e+03
   4.4726075e+02   1.5010341e+03
   5.0310178e+02   1.5365447e+03
   5.6942883e+02   1.5473257e+03
   6.3108510e+02   1.5390755e+03
   6.8485691e+02   1.4919519e+03
   7.2559503e+02   1.4543630e+03
   6.9680148e+02   1.4516058e+03
   6.5532216e+02   1.4441052e+03
   6.1180917e+02   1.4390178e+03
   5.6800322e+02   1.4523390e+03
   4.6282102e+02   1.4687806e+03
   4.1547640e+02   1.4542227e+03
   4.6275618e+02   1.4688886e+03
   5.1984233e+02   1.4812427e+03
   5.6965391e+02   1.4834606e+03
   6.1588976e+02   1.4811748e+03
   6.6317265e+02   1.4659709e+03
   7.0922517e+02   1.4564921e+03
   6.6308963e+02   1.4658751e+03
   6.1599674e+02   1.4811205e+03
   5.6954280e+02   1.4836978e+03
   5.1967161e+02   1.4810838e+03
   4.7599742e+02   1.2725224e+03
   5.7361128e+02   1.3084701e+03
   6.7229295e+02   1.2743152e+03
