   5.6039437e+02   1.3842795e+03
   5.2010004e+02   1.3875309e+03
   4.7487388e+02   1.3915433e+03
   4.4864876e+02   1.3918277e+03
   4.8167602e+02   1.4324109e+03
   5.3047759e+02   1.4569279e+03
   5.9538554e+02   1.4672661e+03
   6.5337256e+02   1.4576898e+03
   7.0198533e+02   1.4275239e+03
   7.3278936e+02   1.3982512e+03
   7.0575031e+02   1.3955113e+03
   6.7097356e+02   1.3905687e+03
   6.3347776e+02   1.3852895e+03
   5.9589589e+02   1.3938776e+03
   5.0602881e+02   1.4119179e+03
   4.6277793e+02   1.3963670e+03
   5.0600319e+02   1.4119278e+03
   5.4381162e+02   1.4221039e+03
   5.9520227e+02   1.4304008e+03
   6.4222232e+02   1.4233019e+03
   6.8377819e+02   1.4109325e+03
   7.2408042e+02   1.4005868e+03
   6.8366786e+02   1.4109945e+03
   6.4212389e+02   1.4233289e+03
   5.9521367e+02   1.4303995e+03
   5.4376398e+02   1.4221015e+03
   5.1601540e+02   1.1962997e+03
   6.0157528e+02   1.2401418e+03
   6.8851809e+02   1.1994615e+03
