   6.1231172e+02   1.1124970e+03
   5.7118354e+02   1.1271077e+03
   5.3183396e+02   1.1455228e+03
   4.8661974e+02   1.1609491e+03
   5.3871839e+02   1.1847320e+03
   6.1098757e+02   1.2008400e+03
   6.7897493e+02   1.1932034e+03
   7.2043302e+02   1.1702728e+03
   7.5270824e+02   1.1398869e+03
   7.7811183e+02   1.0950324e+03
   7.6045476e+02   1.1026610e+03
   7.3651347e+02   1.1003271e+03
   6.9970137e+02   1.1005267e+03
   6.5343056e+02   1.1175509e+03
   5.7387112e+02   1.1550196e+03
   5.2224486e+02   1.1610481e+03
   5.7404975e+02   1.1547951e+03
   6.1201927e+02   1.1532122e+03
   6.5853985e+02   1.1423039e+03
   7.0193640e+02   1.1309150e+03
   7.3596147e+02   1.1146706e+03
   7.6679762e+02   1.1042964e+03
   7.3608861e+02   1.1144801e+03
   7.0169571e+02   1.1315109e+03
   6.5888669e+02   1.1419681e+03
   6.1231230e+02   1.1532534e+03
   5.3320018e+02   9.8495409e+02
   6.2633087e+02   1.0082641e+03
   6.9666824e+02   9.6994768e+02
