   6.7602150e+02   1.1697008e+03
   6.3936673e+02   1.1772019e+03
   5.9492676e+02   1.1965662e+03
   5.5795057e+02   1.2205220e+03
   5.9502357e+02   1.2466614e+03
   6.3632028e+02   1.2637760e+03
   6.9911081e+02   1.2617952e+03
   7.3283873e+02   1.2279214e+03
   7.4211302e+02   1.1942432e+03
   7.5923656e+02   1.1821432e+03
   7.4563995e+02   1.1717917e+03
   7.3524493e+02   1.1681894e+03
   7.2162824e+02   1.1643545e+03
   7.0351914e+02   1.1726921e+03
   6.3190584e+02   1.2149495e+03
   5.8291649e+02   1.2200879e+03
   6.3098562e+02   1.2149463e+03
   6.5988280e+02   1.2157334e+03
   6.8981168e+02   1.2142559e+03
   7.1827878e+02   1.1992108e+03
   7.3134992e+02   1.1850891e+03
   7.4670385e+02   1.1815012e+03
   7.3140071e+02   1.1846368e+03
   7.1830788e+02   1.1984232e+03
   6.9047305e+02   1.2140159e+03
   6.5984443e+02   1.2146007e+03
   5.5274273e+02   9.8438085e+02
   6.5389740e+02   1.0384158e+03
   7.0245795e+02   9.6911363e+02
