   5.5870226e+02   1.0894746e+03
   5.2293761e+02   1.0961111e+03
   4.8426407e+02   1.1064311e+03
   4.4711099e+02   1.1133721e+03
   4.8062416e+02   1.1385074e+03
   5.4381754e+02   1.1653503e+03
   6.0395295e+02   1.1701475e+03
   6.7568077e+02   1.1540306e+03
   7.2364189e+02   1.1281347e+03
   7.5322258e+02   1.1019624e+03
   7.2682044e+02   1.1003263e+03
   6.9777804e+02   1.0914241e+03
   6.5619249e+02   1.0885053e+03
   6.0376311e+02   1.1027113e+03
   4.9434933e+02   1.1189081e+03
   4.6192708e+02   1.1163865e+03
   4.9591414e+02   1.1185904e+03
   5.5155170e+02   1.1286793e+03
   6.0217535e+02   1.1282341e+03
   6.5389540e+02   1.1194919e+03
   6.8930809e+02   1.1132634e+03
   7.4090461e+02   1.1083935e+03
   6.8916905e+02   1.1133505e+03
   6.5392044e+02   1.1190109e+03
   6.0215192e+02   1.1283927e+03
   5.5180211e+02   1.1287881e+03
   5.1265978e+02   9.5301094e+02
   5.9808503e+02   9.8708429e+02
   6.7898099e+02   9.4887888e+02
