   5.5560559e+02   1.1255740e+03
   5.2100258e+02   1.1407544e+03
   4.9167552e+02   1.1627652e+03
   4.7086167e+02   1.1976467e+03
   4.9680923e+02   1.2281181e+03
   5.3824397e+02   1.2556555e+03
   5.9062703e+02   1.2631512e+03
   6.3837355e+02   1.2585896e+03
   6.7480026e+02   1.2244091e+03
   7.0105843e+02   1.1953511e+03
   6.8055952e+02   1.1670938e+03
   6.5296798e+02   1.1465658e+03
   6.2087095e+02   1.1277132e+03
   5.9048199e+02   1.1375057e+03
   5.3960629e+02   1.1865010e+03
   5.0454527e+02   1.1899630e+03
   5.3791109e+02   1.1949608e+03
   5.6004688e+02   1.1967059e+03
   5.9251875e+02   1.1979393e+03
   6.2335092e+02   1.1918648e+03
   6.4792635e+02   1.1871432e+03
   6.7895234e+02   1.1875213e+03
   6.4823437e+02   1.1870714e+03
   6.2639293e+02   1.1864265e+03
   5.9326883e+02   1.1907552e+03
   5.6045398e+02   1.1897624e+03
   5.1099919e+02   9.7870247e+02
   5.8670550e+02   1.0156516e+03
   6.6288333e+02   9.7702726e+02
