   5.7154802e+02   1.0991319e+03
   5.3078449e+02   1.1171266e+03
   5.0208487e+02   1.1372760e+03
   4.8046098e+02   1.1716389e+03
   5.1162498e+02   1.1924140e+03
   5.5766527e+02   1.2104384e+03
   6.1442875e+02   1.2132091e+03
   6.6877104e+02   1.2068618e+03
   7.1104499e+02   1.1822709e+03
   7.4253428e+02   1.1634973e+03
   7.1619110e+02   1.1369876e+03
   6.8713177e+02   1.1160127e+03
   6.5321620e+02   1.0990140e+03
   6.1528331e+02   1.1165616e+03
   5.4901811e+02   1.1500214e+03
   4.9546851e+02   1.1635395e+03
   5.4936135e+02   1.1501564e+03
   5.8222293e+02   1.1558359e+03
   6.1087112e+02   1.1534905e+03
   6.4533727e+02   1.1491742e+03
   6.7361137e+02   1.1425038e+03
   7.2316489e+02   1.1566224e+03
   6.7386230e+02   1.1425874e+03
   6.4467609e+02   1.1492062e+03
   6.1110981e+02   1.1536528e+03
   5.8239269e+02   1.1552299e+03
   5.3352938e+02   9.5394025e+02
   6.1190134e+02   9.8683549e+02
   6.8686726e+02   9.4977478e+02
