   5.6398928e+02   1.1752060e+03
   5.2771991e+02   1.1903925e+03
   5.0986026e+02   1.2016413e+03
   4.9407870e+02   1.2194744e+03
   5.0997925e+02   1.2368986e+03
   5.3575421e+02   1.2645213e+03
   6.0299939e+02   1.2794515e+03
   6.5596119e+02   1.2686093e+03
   6.8699034e+02   1.2312993e+03
   7.0999442e+02   1.2084209e+03
   6.8600852e+02   1.1925004e+03
   6.6196906e+02   1.1852498e+03
   6.2496823e+02   1.1724065e+03
   5.9889909e+02   1.1799610e+03
   5.3049854e+02   1.2153861e+03
   5.1018889e+02   1.2164169e+03
   5.3000071e+02   1.2152995e+03
   5.6058395e+02   1.2175796e+03
   6.0248769e+02   1.2248139e+03
   6.3719659e+02   1.2153481e+03
   6.7485377e+02   1.2055343e+03
   6.9156823e+02   1.2060395e+03
   6.7545734e+02   1.2054442e+03
   6.3703868e+02   1.2155234e+03
   6.0321871e+02   1.2238241e+03
   5.6043595e+02   1.2175621e+03
   5.1052276e+02   9.8028192e+02
   5.8895201e+02   1.0157450e+03
   6.6015194e+02   9.7142843e+02
