   5.7634881e+02   1.1279742e+03
   5.2961677e+02   1.1375529e+03
   4.9184972e+02   1.1449811e+03
   4.6403330e+02   1.1551154e+03
   5.1149546e+02   1.1635101e+03
   5.5538846e+02   1.1693113e+03
   6.1279362e+02   1.1746348e+03
   6.6447240e+02   1.1630530e+03
   7.0303171e+02   1.1544092e+03
   7.3386529e+02   1.1474360e+03
   7.0799257e+02   1.1410927e+03
   6.7574181e+02   1.1320657e+03
   6.3179523e+02   1.1274897e+03
   6.1018585e+02   1.1355669e+03
   5.2801323e+02   1.1523715e+03
   4.8809463e+02   1.1539388e+03
   5.2815919e+02   1.1525067e+03
   5.7008881e+02   1.1537927e+03
   6.1101216e+02   1.1562400e+03
   6.4060662e+02   1.1482908e+03
   6.6854908e+02   1.1446414e+03
   7.0884106e+02   1.1459904e+03
   6.6852069e+02   1.1443878e+03
   6.4033136e+02   1.1481914e+03
   6.1090948e+02   1.1567824e+03
   5.6970290e+02   1.1534539e+03
   5.1174745e+02   9.6716127e+02
   5.9297482e+02   1.0062910e+03
   6.6595453e+02   9.7001749e+02
