   6.2634703e+02   1.1514138e+03
   5.8740689e+02   1.1564851e+03
   5.5189887e+02   1.1701934e+03
   5.2714763e+02   1.1842857e+03
   5.6148755e+02   1.2005955e+03
   6.0440768e+02   1.2127456e+03
   6.4910302e+02   1.2145275e+03
   6.9321592e+02   1.2001125e+03
   7.1886953e+02   1.1800062e+03
   7.3890962e+02   1.1599119e+03
   7.1693190e+02   1.1531017e+03
   6.9596027e+02   1.1492630e+03
   6.7699656e+02   1.1474767e+03
   6.5283209e+02   1.1584792e+03
   5.8154251e+02   1.1780837e+03
   5.4036387e+02   1.1831139e+03
   5.8156163e+02   1.1781181e+03
   6.1045977e+02   1.1788419e+03
   6.5173981e+02   1.1802697e+03
   6.7967969e+02   1.1675089e+03
   7.0074512e+02   1.1632010e+03
   7.2558866e+02   1.1607713e+03
   7.0083093e+02   1.1628282e+03
   6.7938686e+02   1.1675081e+03
   6.5213499e+02   1.1801450e+03
   6.1050046e+02   1.1788022e+03
   5.2395560e+02   9.8797979e+02
   6.1831264e+02   1.0193610e+03
   6.8270426e+02   9.7976945e+02
