   5.5065293e+02   1.1194045e+03
   5.1663060e+02   1.1310241e+03
   4.8399608e+02   1.1497277e+03
   4.6227801e+02   1.1711806e+03
   4.9391571e+02   1.2083260e+03
   5.3757149e+02   1.2350475e+03
   5.8844330e+02   1.2455789e+03
   6.4364689e+02   1.2377940e+03
   6.9273171e+02   1.2013876e+03
   7.1478223e+02   1.1664588e+03
   6.9006338e+02   1.1518556e+03
   6.6223241e+02   1.1354754e+03
   6.2683350e+02   1.1195626e+03
   5.9046081e+02   1.1309165e+03
   5.2101984e+02   1.1532165e+03
   4.8834645e+02   1.1669590e+03
   5.2268597e+02   1.1822035e+03
   5.5593036e+02   1.1892843e+03
   5.8924610e+02   1.1927536e+03
   6.3255175e+02   1.1874464e+03
   6.6367147e+02   1.1769575e+03
   6.9108884e+02   1.1672505e+03
   6.5636121e+02   1.1593743e+03
   6.2425916e+02   1.1515455e+03
   5.9064087e+02   1.1544791e+03
   5.5192951e+02   1.1500454e+03
   5.1352630e+02   9.8054273e+02
   5.9070929e+02   1.0136342e+03
   6.6947225e+02   9.7774511e+02
