   5.7064828e+02   1.0487758e+03
   5.2406209e+02   1.0543083e+03
   4.9891237e+02   1.0643326e+03
   4.7124974e+02   1.0729773e+03
   4.9372787e+02   1.0972261e+03
   5.3671011e+02   1.1214550e+03
   6.1851714e+02   1.1289200e+03
   6.9133815e+02   1.1083193e+03
   7.3274462e+02   1.0834139e+03
   7.6245573e+02   1.0570598e+03
   7.2731701e+02   1.0511482e+03
   6.9899443e+02   1.0449579e+03
   6.5774253e+02   1.0446601e+03
   6.1583842e+02   1.0555346e+03
   5.2754533e+02   1.0775299e+03
   4.9552516e+02   1.0768506e+03
   5.2830587e+02   1.0774475e+03
   5.6937234e+02   1.0828242e+03
   6.1564701e+02   1.0852728e+03
   6.5965112e+02   1.0760017e+03
   6.9361104e+02   1.0692199e+03
   7.3630702e+02   1.0620841e+03
   6.9358954e+02   1.0694860e+03
   6.5955881e+02   1.0767697e+03
   6.1562886e+02   1.0852900e+03
   5.6913796e+02   1.0831772e+03
   5.3045229e+02   9.3373851e+02
   6.0758828e+02   9.6477827e+02
   6.8056302e+02   9.3051878e+02
