   4.7865158e+02   1.0916591e+03
   4.5985179e+02   1.0987808e+03
   4.4214104e+02   1.1090442e+03
   4.2320639e+02   1.1236608e+03
   4.3249288e+02   1.1576799e+03
   4.5317911e+02   1.1850785e+03
   4.9882328e+02   1.2089511e+03
   5.6221522e+02   1.2045709e+03
   6.0379729e+02   1.1858044e+03
   6.2755061e+02   1.1754730e+03
   5.9232950e+02   1.1429101e+03
   5.6646358e+02   1.1243870e+03
   5.2802256e+02   1.1011295e+03
   4.9930289e+02   1.1040276e+03
   4.5677409e+02   1.1376912e+03
   4.3627218e+02   1.1302688e+03
   4.5666687e+02   1.1376822e+03
   4.7474423e+02   1.1418457e+03
   4.9781652e+02   1.1496599e+03
   5.4067218e+02   1.1493348e+03
   5.7423881e+02   1.1578598e+03
   6.0721557e+02   1.1682961e+03
   5.7397926e+02   1.1579207e+03
   5.3876735e+02   1.1494760e+03
   4.9736588e+02   1.1498101e+03
   4.7489348e+02   1.1423124e+03
   4.9682167e+02   9.6423364e+02
   5.5356355e+02   9.9938806e+02
   6.4724921e+02   9.8008623e+02
