   5.7432033e+02   1.1256001e+03
   5.4195933e+02   1.1378251e+03
   5.0801495e+02   1.1592266e+03
   4.8410788e+02   1.1882275e+03
   5.1132507e+02   1.2199214e+03
   5.5701567e+02   1.2460744e+03
   6.0758580e+02   1.2528488e+03
   6.5170286e+02   1.2440399e+03
   6.8425503e+02   1.2140316e+03
   7.1100915e+02   1.1835985e+03
   6.9115403e+02   1.1595102e+03
   6.6130203e+02   1.1428945e+03
   6.2977144e+02   1.1267731e+03
   6.0505871e+02   1.1339009e+03
   5.4492418e+02   1.1817293e+03
   5.1204276e+02   1.1825414e+03
   5.4536172e+02   1.1815365e+03
   5.7025000e+02   1.1874012e+03
   6.0320255e+02   1.1893549e+03
   6.3999965e+02   1.1805144e+03
   6.6871298e+02   1.1784741e+03
   6.9304803e+02   1.1791751e+03
   6.6830215e+02   1.1784368e+03
   6.4061357e+02   1.1802538e+03
   6.0377901e+02   1.1887731e+03
   5.7005740e+02   1.1878842e+03
   5.1894519e+02   9.8774752e+02
   5.9825100e+02   1.0234139e+03
   6.7086946e+02   9.8717594e+02
