   5.7718697e+02   1.0749732e+03
   5.2471710e+02   1.0830060e+03
   5.0122778e+02   1.0925909e+03
   4.8118208e+02   1.1046394e+03
   5.0164565e+02   1.1244174e+03
   5.3918220e+02   1.1411320e+03
   6.2368025e+02   1.1465605e+03
   6.9825497e+02   1.1275942e+03
   7.4222979e+02   1.1079165e+03
   7.6904527e+02   1.0895582e+03
   7.3480700e+02   1.0776216e+03
   7.0666743e+02   1.0700063e+03
   6.6260636e+02   1.0717253e+03
   6.2200597e+02   1.0838023e+03
   5.3682515e+02   1.1022534e+03
   5.0951435e+02   1.1034494e+03
   5.3647718e+02   1.1021721e+03
   5.7264133e+02   1.1061527e+03
   6.2171218e+02   1.1092471e+03
   6.6557833e+02   1.0986106e+03
   7.0815728e+02   1.0923698e+03
   7.4607518e+02   1.0907303e+03
   7.0811570e+02   1.0921801e+03
   6.6631926e+02   1.0983969e+03
   6.2239775e+02   1.1093260e+03
   5.7328339e+02   1.1061218e+03
   5.3427389e+02   9.5740038e+02
   6.1259097e+02   9.8552652e+02
   6.9413665e+02   9.4939895e+02
