   5.7524323e+02   1.1687029e+03
   5.0566292e+02   1.1627960e+03
   4.6610624e+02   1.1534282e+03
   4.4526442e+02   1.1507103e+03
   4.6884329e+02   1.1542652e+03
   5.3141653e+02   1.1666519e+03
   6.0361924e+02   1.1695206e+03
   6.4708197e+02   1.1619682e+03
   6.9535304e+02   1.1491261e+03
   7.2539483e+02   1.1445902e+03
   6.9704553e+02   1.1490693e+03
   6.6368306e+02   1.1585335e+03
   6.3931968e+02   1.1633294e+03
   6.0358744e+02   1.1694007e+03
   4.9438660e+02   1.1608367e+03
   4.5404622e+02   1.1517433e+03
   4.9439448e+02   1.1608263e+03
   5.4661622e+02   1.1681008e+03
   6.0376382e+02   1.1694246e+03
   6.4962612e+02   1.1614185e+03
   6.9460123e+02   1.1493703e+03
   7.1912599e+02   1.1457745e+03
   6.9457245e+02   1.1496213e+03
   6.4979889e+02   1.1615962e+03
   6.0376839e+02   1.1693688e+03
   5.4688228e+02   1.1682385e+03
   5.0516316e+02   9.8876028e+02
   5.8794840e+02   1.0285402e+03
   6.6425572e+02   9.8743333e+02
