   5.0471374e+02   1.2643234e+03
   4.6815920e+02   1.2797589e+03
   4.4043552e+02   1.3037408e+03
   4.2314517e+02   1.3308712e+03
   4.4537432e+02   1.3822358e+03
   4.8863864e+02   1.4264634e+03
   5.5754153e+02   1.4403082e+03
   6.2062916e+02   1.4255081e+03
   6.6457087e+02   1.3771578e+03
   6.9455654e+02   1.3205968e+03
   6.6633078e+02   1.2947105e+03
   6.3460997e+02   1.2743789e+03
   5.9647280e+02   1.2610497e+03
   5.5151059e+02   1.2795874e+03
   4.6750410e+02   1.3140223e+03
   4.3453447e+02   1.3281533e+03
   4.6301555e+02   1.3540896e+03
   5.0212844e+02   1.3699932e+03
   5.5529417e+02   1.3801812e+03
   6.1422832e+02   1.3629816e+03
   6.5042551e+02   1.3416622e+03
   6.7846730e+02   1.3200028e+03
   6.4591076e+02   1.3055975e+03
   6.0212833e+02   1.3049593e+03
   5.5290368e+02   1.3092787e+03
   5.0452574e+02   1.3091161e+03
   4.6969221e+02   1.1331544e+03
   5.5868835e+02   1.1567496e+03
   6.3694759e+02   1.1269869e+03
