   5.8600240e+02   1.1092651e+03
   5.4646752e+02   1.1203010e+03
   5.1018341e+02   1.1431156e+03
   4.9154488e+02   1.1703008e+03
   5.1963566e+02   1.2035702e+03
   5.5654145e+02   1.2316459e+03
   6.1392922e+02   1.2423940e+03
   6.6838680e+02   1.2300164e+03
   7.0834738e+02   1.1946065e+03
   7.3102309e+02   1.1671113e+03
   7.1101454e+02   1.1476980e+03
   6.7857293e+02   1.1289840e+03
   6.4209312e+02   1.1091528e+03
   6.1256142e+02   1.1148021e+03
   5.4576006e+02   1.1665818e+03
   5.1200369e+02   1.1688637e+03
   5.4567239e+02   1.1676326e+03
   5.7665435e+02   1.1740972e+03
   6.1249254e+02   1.1762449e+03
   6.5467798e+02   1.1667910e+03
   6.8735553e+02   1.1665818e+03
   7.1239000e+02   1.1654131e+03
   6.8852847e+02   1.1675364e+03
   6.5484271e+02   1.1662039e+03
   6.1271566e+02   1.1771095e+03
   5.7608342e+02   1.1743440e+03
   5.3466106e+02   9.5889108e+02
   6.0769077e+02   9.9374910e+02
   6.7813628e+02   9.5634592e+02
