   5.6164707e+02   1.0960882e+03
   5.2282315e+02   1.1051138e+03
   4.8738877e+02   1.1417495e+03
   4.6959539e+02   1.2055431e+03
   4.8402125e+02   1.2597751e+03
   5.2415870e+02   1.3117659e+03
   5.8487459e+02   1.3256646e+03
   6.3650606e+02   1.3138938e+03
   6.7928862e+02   1.2806184e+03
   6.9714576e+02   1.2118258e+03
   6.7255939e+02   1.1514617e+03
   6.4686773e+02   1.1228981e+03
   5.9771688e+02   1.0968292e+03
   5.7939741e+02   1.1021238e+03
   5.3074686e+02   1.1611558e+03
   5.1604380e+02   1.2064430e+03
   5.2627258e+02   1.2374341e+03
   5.5025877e+02   1.2499236e+03
   5.8711638e+02   1.2571763e+03
   6.2528095e+02   1.2495335e+03
   6.4792963e+02   1.2313419e+03
   6.5810829e+02   1.2055745e+03
   6.4671375e+02   1.1818798e+03
   6.2352762e+02   1.1491900e+03
   5.8836380e+02   1.1466176e+03
   5.5814659e+02   1.1424198e+03
   5.2007282e+02   9.7475122e+02
   5.9125440e+02   1.0161681e+03
   6.6438531e+02   9.7345197e+02
