   5.0374737e+02   1.1242005e+03
   4.8462115e+02   1.1202735e+03
   4.5432183e+02   1.1278669e+03
   4.3608763e+02   1.1577331e+03
   4.4842169e+02   1.1980276e+03
   4.7234901e+02   1.2277712e+03
   5.1597985e+02   1.2448543e+03
   5.8000734e+02   1.2394500e+03
   6.1959218e+02   1.2169114e+03
   6.4503091e+02   1.1940866e+03
   6.0834969e+02   1.1580335e+03
   5.8347023e+02   1.1454396e+03
   5.5184235e+02   1.1304664e+03
   5.2227215e+02   1.1304667e+03
   4.8258844e+02   1.1701813e+03
   4.5042601e+02   1.1552591e+03
   4.8019714e+02   1.1769082e+03
   4.9725271e+02   1.1842872e+03
   5.1925930e+02   1.1893886e+03
   5.7218416e+02   1.1838651e+03
   5.9487822e+02   1.1892403e+03
   6.2162192e+02   1.1932773e+03
   5.9457419e+02   1.1879868e+03
   5.7153051e+02   1.1845035e+03
   5.2153704e+02   1.1793814e+03
   4.9979847e+02   1.1728761e+03
   5.0502482e+02   9.7889719e+02
   5.6510724e+02   1.0205064e+03
   6.6053445e+02   9.9056238e+02
