   5.4278912e+02   1.0844300e+03
   5.0949224e+02   1.0877487e+03
   4.6740555e+02   1.0962466e+03
   4.1990699e+02   1.0992460e+03
   4.5572577e+02   1.1233606e+03
   5.1189661e+02   1.1537922e+03
   5.8881834e+02   1.1639217e+03
   6.6737002e+02   1.1432903e+03
   7.1193765e+02   1.1200272e+03
   7.5134726e+02   1.0906336e+03
   7.2436197e+02   1.0910707e+03
   6.8644780e+02   1.0878358e+03
   6.4538497e+02   1.0816060e+03
   5.8823859e+02   1.0947696e+03
   4.8438835e+02   1.1108263e+03
   4.4155570e+02   1.1058969e+03
   4.8507333e+02   1.1111529e+03
   5.4086681e+02   1.1194042e+03
   5.8851450e+02   1.1232143e+03
   6.4730257e+02   1.1108964e+03
   6.9424293e+02   1.1061044e+03
   7.3263184e+02   1.0976367e+03
   6.9383223e+02   1.1065318e+03
   6.4665022e+02   1.1110602e+03
   5.8827863e+02   1.1232541e+03
   5.4031617e+02   1.1191801e+03
   5.0139923e+02   9.5812124e+02
   5.8310066e+02   9.9144369e+02
   6.6967516e+02   9.5819408e+02
