   5.0046063e+02   1.2618965e+03
   4.6761640e+02   1.2763874e+03
   4.3754160e+02   1.3029890e+03
   4.1854099e+02   1.3370384e+03
   4.4349787e+02   1.3940994e+03
   4.8683715e+02   1.4420334e+03
   5.5238686e+02   1.4555093e+03
   6.1443077e+02   1.4412012e+03
   6.5917099e+02   1.3885331e+03
   6.8896170e+02   1.3260598e+03
   6.5884023e+02   1.2942665e+03
   6.2846859e+02   1.2720718e+03
   5.8986683e+02   1.2580628e+03
   5.4490361e+02   1.2762541e+03
   4.6427890e+02   1.3142524e+03
   4.3072569e+02   1.3339375e+03
   4.6071389e+02   1.3663620e+03
   5.0029700e+02   1.3833540e+03
   5.5372366e+02   1.3946918e+03
   6.1128195e+02   1.3764931e+03
   6.4562051e+02   1.3523553e+03
   6.7500815e+02   1.3255738e+03
   6.3995598e+02   1.3080255e+03
   5.9830866e+02   1.3033401e+03
   5.5094110e+02   1.3057922e+03
   5.0247433e+02   1.3061564e+03
   4.6229523e+02   1.1339132e+03
   5.4817894e+02   1.1584252e+03
   6.2765059e+02   1.1248810e+03
