   4.4141397e+02   1.2778796e+03
   4.0772479e+02   1.2901404e+03
   3.8021061e+02   1.3104907e+03
   3.5955976e+02   1.3274899e+03
   3.8561164e+02   1.3810117e+03
   4.3002944e+02   1.4237857e+03
   5.0244386e+02   1.4371364e+03
   5.7311060e+02   1.4201062e+03
   6.1941165e+02   1.3688899e+03
   6.5126136e+02   1.3103287e+03
   6.1589389e+02   1.2943567e+03
   5.7885479e+02   1.2784458e+03
   5.4125920e+02   1.2698582e+03
   4.9063857e+02   1.2908626e+03
   4.0700508e+02   1.3236276e+03
   3.7112534e+02   1.3286256e+03
   4.0544851e+02   1.3554328e+03
   4.4866056e+02   1.3715129e+03
   4.9890784e+02   1.3795744e+03
   5.6081638e+02   1.3610763e+03
   5.9988195e+02   1.3395286e+03
   6.4004940e+02   1.3134158e+03
   5.9736513e+02   1.3109622e+03
   5.4926844e+02   1.3154544e+03
   4.9524293e+02   1.3223351e+03
   4.4810281e+02   1.3235744e+03
   3.9777902e+02   1.1446087e+03
   4.8692766e+02   1.1721544e+03
   5.7506015e+02   1.1326945e+03
