   5.2055181e+02   1.4108634e+03
   4.7756545e+02   1.4176214e+03
   4.3411337e+02   1.4244845e+03
   3.9991862e+02   1.4278226e+03
   4.4326164e+02   1.4767394e+03
   4.9897726e+02   1.5156806e+03
   5.6348041e+02   1.5274124e+03
   6.2873862e+02   1.5173094e+03
   6.8327106e+02   1.4781404e+03
   7.1594732e+02   1.4349772e+03
   6.9094851e+02   1.4339964e+03
   6.5628853e+02   1.4226198e+03
   6.1677386e+02   1.4152105e+03
   5.6764296e+02   1.4274869e+03
   4.5805814e+02   1.4428642e+03
   4.1442047e+02   1.4290907e+03
   4.5809898e+02   1.4428864e+03
   5.0701346e+02   1.4561048e+03
   5.6582475e+02   1.4612633e+03
   6.1889322e+02   1.4562388e+03
   6.6070047e+02   1.4453456e+03
   7.0379556e+02   1.4372118e+03
   6.6074527e+02   1.4453649e+03
   6.1899093e+02   1.4562853e+03
   5.6587367e+02   1.4613302e+03
   5.0693686e+02   1.4560846e+03
   4.8588374e+02   1.2405802e+03
   5.8232074e+02   1.2812745e+03
   6.7613290e+02   1.2494380e+03
