   4.7884640e+02   1.5756725e+03
   4.4544962e+02   1.5800803e+03
   4.1092978e+02   1.5961646e+03
   3.8858533e+02   1.6155449e+03
   4.3225643e+02   1.6947853e+03
   4.7633389e+02   1.7422354e+03
   5.4076584e+02   1.7632894e+03
   6.1143914e+02   1.7449365e+03
   6.7415430e+02   1.6821128e+03
   7.0705509e+02   1.6090315e+03
   6.6818595e+02   1.5934405e+03
   6.2721935e+02   1.5809110e+03
   5.9070627e+02   1.5744904e+03
   5.2897576e+02   1.5932940e+03
   4.4882511e+02   1.6077418e+03
   4.1044927e+02   1.6144148e+03
   4.2623730e+02   1.6386966e+03
   4.7198952e+02   1.6752688e+03
   5.3565611e+02   1.6977649e+03
   6.1040860e+02   1.6822130e+03
   6.5548702e+02   1.6479957e+03
   6.8139047e+02   1.6084489e+03
   6.4185063e+02   1.6064811e+03
   5.9275372e+02   1.6161046e+03
   5.2962004e+02   1.6231173e+03
   4.8196145e+02   1.6145028e+03
   4.1642859e+02   1.3964400e+03
   5.3652517e+02   1.4251955e+03
   6.6595993e+02   1.3858586e+03
