   5.6895688e+02   1.2238246e+03
   5.3509027e+02   1.2333866e+03
   4.9911686e+02   1.2490731e+03
   4.6856990e+02   1.2679973e+03
   4.9632580e+02   1.3067187e+03
   5.3830338e+02   1.3351126e+03
   6.0247971e+02   1.3505201e+03
   6.6728080e+02   1.3343874e+03
   7.0364126e+02   1.3071010e+03
   7.2813526e+02   1.2710202e+03
   7.0989169e+02   1.2568885e+03
   6.8058407e+02   1.2406463e+03
   6.4406319e+02   1.2261526e+03
   6.0373801e+02   1.2369397e+03
   5.3545217e+02   1.2741630e+03
   4.7953491e+02   1.2691776e+03
   5.3546917e+02   1.2741755e+03
   5.6449454e+02   1.2806325e+03
   6.0292852e+02   1.2839312e+03
   6.4748411e+02   1.2819924e+03
   6.7000797e+02   1.2748677e+03
   7.1771726e+02   1.2738692e+03
   6.7001582e+02   1.2748189e+03
   6.4747471e+02   1.2819704e+03
   6.0299739e+02   1.2838755e+03
   5.6446042e+02   1.2806263e+03
   5.3034010e+02   1.0523582e+03
   6.1583980e+02   1.0966590e+03
   6.9528956e+02   1.0557013e+03
