   4.9429751e+02   1.4064883e+03
   4.5036794e+02   1.4136828e+03
   4.1047856e+02   1.4218948e+03
   3.7637975e+02   1.4206689e+03
   4.1620238e+02   1.4853031e+03
   4.7280796e+02   1.5318528e+03
   5.5176446e+02   1.5486984e+03
   6.3406890e+02   1.5372257e+03
   6.9476293e+02   1.4881685e+03
   7.2185374e+02   1.4290671e+03
   6.9168867e+02   1.4285027e+03
   6.5890118e+02   1.4196457e+03
   6.2065826e+02   1.4123639e+03
   5.5382645e+02   1.4277793e+03
   4.3932630e+02   1.4438082e+03
   3.8955263e+02   1.4268895e+03
   4.3937390e+02   1.4437686e+03
   4.8892410e+02   1.4576428e+03
   5.5274196e+02   1.4634577e+03
   6.1343149e+02   1.4589234e+03
   6.6133203e+02   1.4449669e+03
   7.1119440e+02   1.4331304e+03
   6.6132179e+02   1.4449781e+03
   6.1342801e+02   1.4589045e+03
   5.5273900e+02   1.4634851e+03
   4.8890981e+02   1.4576639e+03
   4.4672221e+02   1.2151243e+03
   5.6101061e+02   1.2568125e+03
   6.7350620e+02   1.2189007e+03
