   4.9580007e+02   1.2675777e+03
   4.6757778e+02   1.2773556e+03
   4.3784446e+02   1.2894445e+03
   4.0011109e+02   1.3028667e+03
   4.3086665e+02   1.3466001e+03
   4.7286663e+02   1.3725556e+03
   5.3899996e+02   1.3814444e+03
   6.0571104e+02   1.3734444e+03
   6.5273327e+02   1.3474890e+03
   6.8082225e+02   1.3050889e+03
   6.5273327e+02   1.2925556e+03
   6.2064442e+02   1.2764667e+03
   5.8855557e+02   1.2706889e+03
   5.3944443e+02   1.2844668e+03
   4.4933328e+02   1.3113751e+03
   4.1066666e+02   1.3051999e+03
   4.4933328e+02   1.3114001e+03
   4.8466663e+02   1.3166918e+03
   5.3874073e+02   1.3228792e+03
   5.9800005e+02   1.3182126e+03
   6.3366663e+02   1.3112265e+03
   6.7080001e+02   1.3048667e+03
   6.3366663e+02   1.3112000e+03
   5.9800005e+02   1.3182000e+03
   5.3874073e+02   1.3228666e+03
   4.8466663e+02   1.3166666e+03
   4.5721237e+02   1.1037753e+03
   5.4782476e+02   1.1339580e+03
   6.3580491e+02   1.1032223e+03
