   4.7468733e+02   1.6017941e+03
   4.4139177e+02   1.5972981e+03
   4.0618192e+02   1.5990088e+03
   3.8660129e+02   1.6026089e+03
   4.2612655e+02   1.6630988e+03
   4.5778355e+02   1.6907030e+03
   5.1347551e+02   1.7079516e+03
   5.8556480e+02   1.6997058e+03
   6.2128667e+02   1.6686717e+03
   6.6517986e+02   1.6071060e+03
   6.2110231e+02   1.6076211e+03
   5.9281860e+02   1.6050091e+03
   5.6208635e+02   1.6069247e+03
   5.1560588e+02   1.6188878e+03
   4.3328997e+02   1.6147836e+03
   3.9845120e+02   1.6051526e+03
   4.3327240e+02   1.6147920e+03
   4.6842409e+02   1.6235714e+03
   5.1543036e+02   1.6399021e+03
   5.7231425e+02   1.6284932e+03
   6.0794221e+02   1.6168555e+03
   6.5698453e+02   1.6112359e+03
   6.0796075e+02   1.6168698e+03
   5.7234052e+02   1.6284405e+03
   5.1540246e+02   1.6399078e+03
   4.6839281e+02   1.6236093e+03
   4.2841109e+02   1.4312984e+03
   5.2618842e+02   1.4834895e+03
   6.3423072e+02   1.4489705e+03
