   5.0660173e+02   1.6552553e+03
   4.7552357e+02   1.6554172e+03
   4.4152534e+02   1.6663834e+03
   4.2398923e+02   1.6791677e+03
   4.5118104e+02   1.7552496e+03
   4.9026724e+02   1.8026914e+03
   5.4849791e+02   1.8288858e+03
   6.2275759e+02   1.8160166e+03
   6.7588567e+02   1.7554370e+03
   7.0278960e+02   1.6811814e+03
   6.7828054e+02   1.6683610e+03
   6.4529529e+02   1.6595622e+03
   6.0836739e+02   1.6543333e+03
   5.4973883e+02   1.6718071e+03
   4.7451388e+02   1.6716830e+03
   4.3354714e+02   1.6781326e+03
   4.5326820e+02   1.7162254e+03
   4.9572166e+02   1.7470594e+03
   5.4715709e+02   1.7693715e+03
   6.1422913e+02   1.7579920e+03
   6.6076806e+02   1.7246874e+03
   6.9296004e+02   1.6793848e+03
   6.3736248e+02   1.6752038e+03
   6.0671938e+02   1.6885167e+03
   5.4903131e+02   1.6962114e+03
   5.0762758e+02   1.6799135e+03
   4.6138517e+02   1.4854004e+03
   5.5869397e+02   1.5361507e+03
   6.7248232e+02   1.4996398e+03
