   4.6074503e+02   1.4905138e+03
   4.3142451e+02   1.4985533e+03
   4.0706907e+02   1.5194228e+03
   3.9386379e+02   1.5399652e+03
   4.0788336e+02   1.6369603e+03
   4.5464064e+02   1.7035444e+03
   5.2996099e+02   1.7322006e+03
   6.0704652e+02   1.7197939e+03
   6.6571435e+02   1.6569354e+03
   6.8854295e+02   1.5618209e+03
   6.6719120e+02   1.5381337e+03
   6.1979695e+02   1.5079216e+03
   5.7297730e+02   1.4953401e+03
   5.1880315e+02   1.5154736e+03
   4.2831938e+02   1.5344584e+03
   4.0233151e+02   1.5428460e+03
   4.2629021e+02   1.5992507e+03
   4.6572065e+02   1.6437638e+03
   5.2494212e+02   1.6711263e+03
   6.0212385e+02   1.6549800e+03
   6.4358310e+02   1.6122487e+03
   6.7932248e+02   1.5599548e+03
   6.1769536e+02   1.5404719e+03
   5.7799749e+02   1.5469653e+03
   5.1842561e+02   1.5468905e+03
   4.6637140e+02   1.5360117e+03
   4.1971342e+02   1.2968576e+03
   5.2850697e+02   1.3428447e+03
   6.4895894e+02   1.3179956e+03
