   5.1141873e+02   1.5707652e+03
   4.7868016e+02   1.5731377e+03
   4.4104705e+02   1.5779032e+03
   4.0843137e+02   1.5819639e+03
   4.4272230e+02   1.6371054e+03
   4.8577297e+02   1.6666862e+03
   5.5395166e+02   1.6790976e+03
   6.3027598e+02   1.6661818e+03
   6.7851370e+02   1.6372798e+03
   7.1058382e+02   1.5882027e+03
   6.7711488e+02   1.5824588e+03
   6.4167212e+02   1.5759356e+03
   6.0730363e+02   1.5740924e+03
   5.5535769e+02   1.5877232e+03
   4.6198251e+02   1.5934171e+03
   4.1635192e+02   1.5843226e+03
   4.6195100e+02   1.5933788e+03
   5.0295555e+02   1.6083411e+03
   5.5468648e+02   1.6184353e+03
   6.0622950e+02   1.6094276e+03
   6.4344135e+02   1.5968619e+03
   7.0133612e+02   1.5901344e+03
   6.4348255e+02   1.5968543e+03
   6.0623001e+02   1.6094085e+03
   5.5463781e+02   1.6184291e+03
   5.0297998e+02   1.6083587e+03
   4.5212376e+02   1.3799375e+03
   5.6918159e+02   1.4242935e+03
   6.9747028e+02   1.3782898e+03
