   5.0974317e+02   1.4895148e+03
   4.7549469e+02   1.4997854e+03
   4.4070024e+02   1.5202087e+03
   4.0504448e+02   1.5462480e+03
   4.3856953e+02   1.6092763e+03
   4.8077679e+02   1.6568032e+03
   5.4519133e+02   1.6786415e+03
   6.2489201e+02   1.6649540e+03
   6.7663935e+02   1.6048190e+03
   7.0381043e+02   1.5420272e+03
   6.7749390e+02   1.5142303e+03
   6.4390786e+02   1.4989044e+03
   6.1085155e+02   1.4898009e+03
   5.5728927e+02   1.5078168e+03
   4.6735032e+02   1.5377242e+03
   4.2988059e+02   1.5464858e+03
   4.5468309e+02   1.5644521e+03
   4.9801598e+02   1.5880340e+03
   5.5299076e+02   1.6057887e+03
   6.2023127e+02   1.5896853e+03
   6.5986922e+02   1.5622944e+03
   6.8399326e+02   1.5416424e+03
   6.5538428e+02   1.5332725e+03
   6.1386819e+02   1.5372358e+03
   5.5753144e+02   1.5434046e+03
   5.0461772e+02   1.5360600e+03
   4.5092480e+02   1.2773137e+03
   5.6562648e+02   1.3194460e+03
   6.8144531e+02   1.2761578e+03
