   5.0036518e+02   1.3825276e+03
   4.5519640e+02   1.3923172e+03
   4.1694554e+02   1.4044889e+03
   3.8379771e+02   1.4159263e+03
   4.2719700e+02   1.4688213e+03
   4.7654565e+02   1.4969751e+03
   5.4284538e+02   1.5075897e+03
   6.1658609e+02   1.4975636e+03
   6.8111765e+02   1.4658024e+03
   7.1059090e+02   1.4246124e+03
   6.8649518e+02   1.4160751e+03
   6.4691440e+02   1.3993445e+03
   6.0217233e+02   1.3856873e+03
   5.4490995e+02   1.4019135e+03
   4.4795173e+02   1.4241630e+03
   3.9432348e+02   1.4166586e+03
   4.4797983e+02   1.4241643e+03
   4.8830476e+02   1.4334712e+03
   5.4383647e+02   1.4429010e+03
   6.0537849e+02   1.4388421e+03
   6.3917252e+02   1.4288315e+03
   6.9747754e+02   1.4242525e+03
   6.3914162e+02   1.4288491e+03
   6.0541628e+02   1.4388672e+03
   5.4381561e+02   1.4428955e+03
   4.8830328e+02   1.4334688e+03
   4.4957081e+02   1.1701135e+03
   5.6065802e+02   1.2241660e+03
   6.8071745e+02   1.1786863e+03
