   5.0649917e+02   1.4136362e+03
   4.7243862e+02   1.4206774e+03
   4.3573136e+02   1.4335608e+03
   4.0279329e+02   1.4408528e+03
   4.4182388e+02   1.5144949e+03
   4.8817753e+02   1.5589431e+03
   5.5256096e+02   1.5746123e+03
   6.1996655e+02   1.5607147e+03
   6.6639944e+02   1.5063496e+03
   6.9641944e+02   1.4427844e+03
   6.6190982e+02   1.4361689e+03
   6.3159481e+02   1.4227033e+03
   5.9657914e+02   1.4139782e+03
   5.5116221e+02   1.4299234e+03
   4.5977537e+02   1.4444030e+03
   4.1092413e+02   1.4448821e+03
   4.5320973e+02   1.4706894e+03
   4.9407438e+02   1.4864630e+03
   5.5492733e+02   1.4997570e+03
   6.0549487e+02   1.4880991e+03
   6.4437477e+02   1.4660906e+03
   6.8957123e+02   1.4458233e+03
   6.3620990e+02   1.4454178e+03
   6.0213133e+02   1.4516506e+03
   5.5520505e+02   1.4585623e+03
   5.0132084e+02   1.4513393e+03
   4.5715759e+02   1.2485520e+03
   5.5168470e+02   1.2830876e+03
   6.4900241e+02   1.2497618e+03
