   5.4929993e+02   1.1633001e+03
   5.2229996e+02   1.1753000e+03
   4.9890002e+02   1.1920000e+03
   4.7299998e+02   1.2161999e+03
   4.9920003e+02   1.2461000e+03
   5.3120001e+02   1.2750000e+03
   5.8450000e+02   1.2845000e+03
   6.3560001e+02   1.2725001e+03
   6.6739996e+02   1.2471000e+03
   6.9309998e+02   1.2096999e+03
   6.7340004e+02   1.1920000e+03
   6.5020007e+02   1.1768001e+03
   6.1749993e+02   1.1608000e+03
   5.8450000e+02   1.1722999e+03
   5.2000001e+02   1.2023750e+03
   4.8450000e+02   1.2122000e+03
   5.1349998e+02   1.2284001e+03
   5.4500001e+02   1.2360251e+03
   5.8506249e+02   1.2412125e+03
   6.1850003e+02   1.2372127e+03
   6.4500008e+02   1.2277126e+03
   6.7930002e+02   1.2096999e+03
   6.4250002e+02   1.1982000e+03
   6.1500000e+02   1.1956999e+03
   5.8399995e+02   1.1977000e+03
   5.4750007e+02   1.1955000e+03
   5.1896879e+02   1.0522253e+03
   5.8749348e+02   1.0728388e+03
   6.5183501e+02   1.0510318e+03
