   5.0629998e+02   1.3667999e+03
   4.7479998e+02   1.3713000e+03
   4.3990002e+02   1.3810000e+03
   4.0100002e+02   1.3868250e+03
   4.3570000e+02   1.4321000e+03
   4.8020001e+02   1.4660000e+03
   5.4900002e+02   1.4785000e+03
   6.1659999e+02   1.4640000e+03
   6.5989999e+02   1.4311002e+03
   6.9660001e+02   1.3807001e+03
   6.5940000e+02   1.3790000e+03
   6.2669999e+02   1.3687999e+03
   5.9499995e+02   1.3662999e+03
   5.4550000e+02   1.3742999e+03
   4.5156248e+02   1.3968750e+03
   4.1399999e+02   1.3876999e+03
   4.5150001e+02   1.3969001e+03
   4.8950001e+02   1.4055250e+03
   5.4599998e+02   1.4132125e+03
   6.0100003e+02   1.4067126e+03
   6.3799996e+02   1.3932136e+03
   6.7579999e+02   1.3842000e+03
   6.3799996e+02   1.3932000e+03
   6.0100003e+02   1.4067000e+03
   5.4599998e+02   1.4131999e+03
   4.8950001e+02   1.4055000e+03
   4.5819998e+02   1.2067999e+03
   5.5280002e+02   1.2376000e+03
   6.4520002e+02   1.2080000e+03
