   5.6651367e+02   1.4335168e+03
   5.1825428e+02   1.4416229e+03
   4.7561739e+02   1.4474057e+03
   4.3152094e+02   1.4488647e+03
   4.9606030e+02   1.5378072e+03
   5.4489798e+02   1.5790859e+03
   6.0839263e+02   1.5913409e+03
   6.8224103e+02   1.5744516e+03
   7.2897378e+02   1.5100507e+03
   7.6707604e+02   1.4527824e+03
   7.3259682e+02   1.4527276e+03
   7.0248023e+02   1.4434422e+03
   6.6184997e+02   1.4323618e+03
   6.1064259e+02   1.4465594e+03
   5.0327699e+02   1.4607054e+03
   4.4036270e+02   1.4513246e+03
   4.9297538e+02   1.4872926e+03
   5.4240842e+02   1.5022994e+03
   6.0920051e+02   1.5179238e+03
   6.6663270e+02   1.5025130e+03
   7.0832092e+02   1.4743592e+03
   7.6057629e+02   1.4558564e+03
   7.0739195e+02   1.4598569e+03
   6.6975247e+02   1.4680418e+03
   6.0898383e+02   1.4811697e+03
   5.5116965e+02   1.4742950e+03
   5.1096761e+02   1.2633267e+03
   6.1900999e+02   1.3051137e+03
   7.2216273e+02   1.2654666e+03
