   5.4356539e+02   1.5015923e+03
   4.9673418e+02   1.5001046e+03
   4.3795097e+02   1.4951285e+03
   3.9167086e+02   1.4846745e+03
   4.3739205e+02   1.5451114e+03
   5.0859903e+02   1.6096066e+03
   5.9002565e+02   1.6318958e+03
   6.6364115e+02   1.6210222e+03
   7.3580755e+02   1.5547935e+03
   7.8158417e+02   1.4939103e+03
   7.4841037e+02   1.5034275e+03
   6.8975072e+02   1.5028357e+03
   6.3647368e+02   1.5057328e+03
   5.8447116e+02   1.5147042e+03
   4.6263371e+02   1.5179541e+03
   4.0744122e+02   1.4914513e+03
   4.6258317e+02   1.5179620e+03
   5.1761937e+02   1.5403335e+03
   5.8423524e+02   1.5510879e+03
   6.5506235e+02   1.5433624e+03
   7.2111415e+02   1.5222960e+03
   7.7372262e+02   1.4985694e+03
   7.2110630e+02   1.5222608e+03
   6.5507195e+02   1.5432598e+03
   5.8431229e+02   1.5510680e+03
   5.1765113e+02   1.5403472e+03
   4.8786516e+02   1.3183552e+03
   6.0659610e+02   1.3600924e+03
   7.2412507e+02   1.3269224e+03
