   5.7109290e+02   1.3838449e+03
   5.2956178e+02   1.3935783e+03
   4.8514656e+02   1.4106954e+03
   4.5657057e+02   1.4243359e+03
   5.0189529e+02   1.5087940e+03
   5.4717659e+02   1.5500731e+03
   6.0835207e+02   1.5635001e+03
   6.7619537e+02   1.5507280e+03
   7.2097968e+02   1.4966055e+03
   7.5543875e+02   1.4248208e+03
   7.2794330e+02   1.4136518e+03
   6.9450660e+02   1.3965637e+03
   6.6080385e+02   1.3851319e+03
   6.1377427e+02   1.3995232e+03
   5.2189377e+02   1.4211973e+03
   4.6232385e+02   1.4252794e+03
   5.0893924e+02   1.4573713e+03
   5.4910527e+02   1.4750529e+03
   6.1055118e+02   1.4886927e+03
   6.6375439e+02   1.4759822e+03
   7.0282340e+02   1.4486740e+03
   7.4487778e+02   1.4272396e+03
   6.9769281e+02   1.4205888e+03
   6.6982367e+02   1.4216828e+03
   6.1139073e+02   1.4302539e+03
   5.6070870e+02   1.4219939e+03
   5.2681454e+02   1.2276147e+03
   6.2825357e+02   1.2638433e+03
   7.2249908e+02   1.2294753e+03
