   4.9861346e+02   1.4566844e+03
   4.5456928e+02   1.4596605e+03
   4.0596015e+02   1.4610134e+03
   3.6727007e+02   1.4576610e+03
   4.1333711e+02   1.5104891e+03
   4.7398051e+02   1.5520799e+03
   5.4560473e+02   1.5670677e+03
   6.1725685e+02   1.5521034e+03
   6.7783952e+02   1.5056211e+03
   7.1736938e+02   1.4597973e+03
   6.8846030e+02   1.4634146e+03
   6.3954196e+02   1.4593799e+03
   5.9251315e+02   1.4574912e+03
   5.4466978e+02   1.4708174e+03
   4.3275652e+02   1.4809255e+03
   3.8705682e+02   1.4627648e+03
   4.3280267e+02   1.4808860e+03
   4.8684646e+02   1.4962882e+03
   5.4452024e+02   1.5038171e+03
   6.0338833e+02   1.4952449e+03
   6.5415379e+02   1.4778634e+03
   7.0280679e+02   1.4648148e+03
   6.5414646e+02   1.4778610e+03
   6.0332422e+02   1.4952205e+03
   5.4448786e+02   1.5038439e+03
   4.8683786e+02   1.4962918e+03
   4.4523267e+02   1.2831845e+03
   5.5183991e+02   1.3210024e+03
   6.5746652e+02   1.2840663e+03
