   5.5187627e+02   1.3949487e+03
   5.2111810e+02   1.4039913e+03
   4.8132254e+02   1.4194859e+03
   4.4671011e+02   1.4405094e+03
   4.8401392e+02   1.5190639e+03
   5.3735420e+02   1.5686862e+03
   6.0125610e+02   1.5826649e+03
   6.7227261e+02   1.5629957e+03
   7.1240783e+02   1.5009393e+03
   7.3981387e+02   1.4328552e+03
   7.0849473e+02   1.4170694e+03
   6.8130537e+02   1.4027633e+03
   6.4858527e+02   1.3932512e+03
   6.0133992e+02   1.4100083e+03
   5.1572838e+02   1.4279909e+03
   4.5437993e+02   1.4420994e+03
   4.9744210e+02   1.4756478e+03
   5.4051186e+02   1.4931076e+03
   6.0025658e+02   1.5074513e+03
   6.5352777e+02   1.4925942e+03
   6.9539153e+02   1.4625022e+03
   7.3170860e+02   1.4348646e+03
   6.7649747e+02   1.4237487e+03
   6.5115504e+02   1.4319422e+03
   6.0093302e+02   1.4360829e+03
   5.5165058e+02   1.4354060e+03
   5.0963595e+02   1.2416242e+03
   6.0899773e+02   1.2755174e+03
   6.9397121e+02   1.2457006e+03
