   5.7952717e+02   1.2083408e+03
   5.4763818e+02   1.2132377e+03
   5.1635101e+02   1.2199238e+03
   4.8399096e+02   1.2307788e+03
   5.0915378e+02   1.2589251e+03
   5.4573663e+02   1.2803736e+03
   6.0318256e+02   1.2908357e+03
   6.5936672e+02   1.2790820e+03
   6.9139088e+02   1.2489153e+03
   7.0583479e+02   1.2337320e+03
   6.8844242e+02   1.2238330e+03
   6.6828064e+02   1.2162684e+03
   6.3553572e+02   1.2076728e+03
   6.0525959e+02   1.2156701e+03
   5.3667825e+02   1.2390160e+03
   5.0303115e+02   1.2343108e+03
   5.3645897e+02   1.2390719e+03
   5.7480684e+02   1.2486531e+03
   6.0544492e+02   1.2531899e+03
   6.3202151e+02   1.2440007e+03
   6.6150378e+02   1.2347731e+03
   6.9218170e+02   1.2321879e+03
   6.6145833e+02   1.2349299e+03
   6.3220266e+02   1.2438568e+03
   6.0539793e+02   1.2531568e+03
   5.7474369e+02   1.2487040e+03
   5.0870515e+02   1.0011032e+03
   6.0029450e+02   1.0536141e+03
   6.7658322e+02   9.9740434e+02
