   5.6602797e+02   1.1350865e+03
   5.2509951e+02   1.1503699e+03
   4.9222360e+02   1.1828495e+03
   4.7430772e+02   1.2365732e+03
   5.0004858e+02   1.2811856e+03
   5.3287175e+02   1.3289476e+03
   6.0150594e+02   1.3502084e+03
   6.5285790e+02   1.3471327e+03
   6.9458565e+02   1.2900948e+03
   7.0030120e+02   1.2409933e+03
   6.8685265e+02   1.1953856e+03
   6.6872926e+02   1.1642428e+03
   6.2224267e+02   1.1369591e+03
   5.9440900e+02   1.1472548e+03
   5.3689290e+02   1.1989737e+03
   5.1886627e+02   1.2259359e+03
   5.4125118e+02   1.2552949e+03
   5.6124570e+02   1.2681584e+03
   6.0368432e+02   1.2672457e+03
   6.3934839e+02   1.2672492e+03
   6.4882783e+02   1.2455630e+03
   6.5159999e+02   1.2285973e+03
   6.4305215e+02   1.2033251e+03
   6.3389960e+02   1.1853404e+03
   5.9723408e+02   1.1776265e+03
   5.5177978e+02   1.1798368e+03
   5.1033508e+02   9.6552442e+02
   5.9035402e+02   1.0164981e+03
   6.7186564e+02   9.6352617e+02
