   5.0262917e+02   1.3743880e+03
   4.7087481e+02   1.3790934e+03
   4.3868202e+02   1.3908419e+03
   4.1251530e+02   1.3969610e+03
   4.3484963e+02   1.4309286e+03
   4.7480136e+02   1.4653361e+03
   5.4098249e+02   1.4800169e+03
   6.0256977e+02   1.4606786e+03
   6.3720815e+02   1.4200058e+03
   6.5979361e+02   1.3841023e+03
   6.3018775e+02   1.3803600e+03
   5.9791263e+02   1.3756727e+03
   5.6620921e+02   1.3706093e+03
   5.3135134e+02   1.3807215e+03
   4.5425166e+02   1.4177652e+03
   4.2609364e+02   1.4016002e+03
   4.5538681e+02   1.4118923e+03
   4.9371542e+02   1.4204039e+03
   5.3434409e+02   1.4229580e+03
   5.8395186e+02   1.4115179e+03
   6.2119799e+02   1.3998558e+03
   6.4497871e+02   1.3861458e+03
   6.2374746e+02   1.4036685e+03
   5.8730769e+02   1.4169934e+03
   5.3491263e+02   1.4294029e+03
   4.9206956e+02   1.4265557e+03
   4.3353636e+02   1.1949083e+03
   5.2657593e+02   1.2273356e+03
   6.1142186e+02   1.1862476e+03
