   4.9033496e+02   1.4251606e+03
   4.5765622e+02   1.4288238e+03
   4.1733870e+02   1.4359359e+03
   3.8002172e+02   1.4366515e+03
   4.1258587e+02   1.4819220e+03
   4.6282238e+02   1.5282173e+03
   5.3704470e+02   1.5480877e+03
   6.1641994e+02   1.5371446e+03
   6.7370040e+02   1.4994255e+03
   7.1650035e+02   1.4398199e+03
   6.8163431e+02   1.4436073e+03
   6.4030072e+02   1.4335132e+03
   5.9202682e+02   1.4296344e+03
   5.3931639e+02   1.4463636e+03
   4.2634535e+02   1.4514541e+03
   3.9550861e+02   1.4403004e+03
   4.2636360e+02   1.4514582e+03
   4.7249601e+02   1.4688151e+03
   5.3834410e+02   1.4802881e+03
   6.0705438e+02   1.4733792e+03
   6.5711334e+02   1.4587345e+03
   7.0109814e+02   1.4453105e+03
   6.5711534e+02   1.4587063e+03
   6.0708019e+02   1.4733851e+03
   5.3838407e+02   1.4802960e+03
   4.7246617e+02   1.4687938e+03
   4.4788488e+02   1.2497114e+03
   5.5398964e+02   1.2873884e+03
   6.6223995e+02   1.2541358e+03
