   5.1032069e+02   1.4730844e+03
   4.8523700e+02   1.4774144e+03
   4.5436615e+02   1.4887373e+03
   4.3358715e+02   1.4993884e+03
   4.6042590e+02   1.5496556e+03
   4.9381265e+02   1.5858712e+03
   5.4703626e+02   1.6024663e+03
   6.0735307e+02   1.5933340e+03
   6.4463245e+02   1.5431010e+03
   6.6360646e+02   1.4981555e+03
   6.4852347e+02   1.4879692e+03
   6.2024756e+02   1.4796640e+03
   5.8665881e+02   1.4740869e+03
   5.4969132e+02   1.4823370e+03
   4.6973331e+02   1.5062841e+03
   4.4116965e+02   1.4997592e+03
   4.6967026e+02   1.5062634e+03
   5.0270864e+02   1.5132911e+03
   5.5001048e+02   1.5213175e+03
   5.8587089e+02   1.5154329e+03
   6.2096519e+02   1.5065289e+03
   6.5567982e+02   1.4997941e+03
   6.2094646e+02   1.5065174e+03
   5.8581997e+02   1.5154001e+03
   5.4999561e+02   1.5213099e+03
   5.0263027e+02   1.5133501e+03
   4.7656639e+02   1.2636972e+03
   5.5814497e+02   1.3137209e+03
   6.5246600e+02   1.2737324e+03
