   5.1979849e+02   1.6468662e+03
   4.8734332e+02   1.6450369e+03
   4.4460402e+02   1.6451199e+03
   4.1240067e+02   1.6466039e+03
   4.4326988e+02   1.6897143e+03
   4.8732520e+02   1.7276787e+03
   5.6024727e+02   1.7424770e+03
   6.2837401e+02   1.7323734e+03
   6.8379577e+02   1.6885671e+03
   7.1926575e+02   1.6415950e+03
   6.9644320e+02   1.6432933e+03
   6.4976877e+02   1.6461943e+03
   6.0744229e+02   1.6487194e+03
   5.6030431e+02   1.6620950e+03
   4.7025016e+02   1.6683868e+03
   4.2764366e+02   1.6514911e+03
   4.7029033e+02   1.6684020e+03
   5.1183490e+02   1.6813440e+03
   5.5983522e+02   1.6870622e+03
   6.2206359e+02   1.6763706e+03
   6.6896023e+02   1.6603932e+03
   7.0975702e+02   1.6450316e+03
   6.6894497e+02   1.6603690e+03
   6.2210131e+02   1.6764095e+03
   5.5983207e+02   1.6870481e+03
   5.1184224e+02   1.6813519e+03
   4.5443954e+02   1.4572914e+03
   5.8484770e+02   1.5028206e+03
   7.0381562e+02   1.4596307e+03
