   4.5310560e+02   1.4150037e+03
   4.1731851e+02   1.4162816e+03
   3.8510371e+02   1.4238146e+03
   3.4662957e+02   1.4322833e+03
   3.9134812e+02   1.4834427e+03
   4.3449629e+02   1.5198148e+03
   5.1233331e+02   1.5292962e+03
   5.9326664e+02   1.5192222e+03
   6.4621486e+02   1.4867482e+03
   6.9948888e+02   1.4453851e+03
   6.4265922e+02   1.4338889e+03
   6.0597780e+02   1.4293464e+03
   5.6218516e+02   1.4247630e+03
   5.0877776e+02   1.4330593e+03
   4.2049999e+02   1.4454373e+03
   3.5750002e+02   1.4331999e+03
   4.2049999e+02   1.4454000e+03
   4.5375000e+02   1.4557750e+03
   5.0799998e+02   1.4684626e+03
   5.6850002e+02   1.4612126e+03
   6.3781238e+02   1.4474996e+03
   6.8513337e+02   1.4453851e+03
   6.3774994e+02   1.4474499e+03
   5.6850002e+02   1.4612000e+03
   5.0799998e+02   1.4684500e+03
   4.5375000e+02   1.4557499e+03
   4.0420000e+02   1.2117999e+03
   5.2479998e+02   1.2586001e+03
   6.3520012e+02   1.2190002e+03
