   5.2192698e+02   1.5116357e+03
   4.9261087e+02   1.5171579e+03
   4.5439010e+02   1.5271514e+03
   4.1685619e+02   1.5351600e+03
   4.5331694e+02   1.5977909e+03
   4.9706658e+02   1.6277280e+03
   5.6431803e+02   1.6409495e+03
   6.4114890e+02   1.6322156e+03
   6.8972710e+02   1.5945605e+03
   7.1524591e+02   1.5363073e+03
   6.8558495e+02   1.5270803e+03
   6.4971836e+02   1.5178288e+03
   6.1909142e+02   1.5158420e+03
   5.6610161e+02   1.5313011e+03
   4.7424209e+02   1.5444948e+03
   4.2821468e+02   1.5364866e+03
   4.7423388e+02   1.5444823e+03
   5.1567421e+02   1.5534424e+03
   5.6590573e+02   1.5590321e+03
   6.1736925e+02   1.5541696e+03
   6.5495904e+02   1.5427817e+03
   7.0455729e+02   1.5374206e+03
   6.5497062e+02   1.5427684e+03
   6.1732882e+02   1.5541784e+03
   5.6591184e+02   1.5590316e+03
   5.1565110e+02   1.5534460e+03
   4.7803251e+02   1.3543235e+03
   5.9276573e+02   1.3819158e+03
   6.9087359e+02   1.3502184e+03
