   5.1312619e+02   1.7424686e+03
   4.7733776e+02   1.7373145e+03
   4.4521981e+02   1.7361426e+03
   4.2180734e+02   1.7335634e+03
   4.5318999e+02   1.7770994e+03
   4.9020918e+02   1.8060307e+03
   5.5239319e+02   1.8172101e+03
   6.2682217e+02   1.8115873e+03
   6.6864358e+02   1.7795064e+03
   7.0919536e+02   1.7324491e+03
   6.7471415e+02   1.7381970e+03
   6.3296979e+02   1.7415843e+03
   5.9963455e+02   1.7464596e+03
   5.5295542e+02   1.7584202e+03
   4.7942402e+02   1.7487165e+03
   4.4034320e+02   1.7407628e+03
   4.7941681e+02   1.7487068e+03
   5.0909789e+02   1.7593440e+03
   5.5266832e+02   1.7725615e+03
   6.0438026e+02   1.7599046e+03
   6.3797834e+02   1.7480646e+03
   6.9200184e+02   1.7380139e+03
   6.3798831e+02   1.7481082e+03
   6.0443401e+02   1.7598882e+03
   5.5264553e+02   1.7725414e+03
   5.0907987e+02   1.7593158e+03
   4.5813103e+02   1.5878590e+03
   5.6936459e+02   1.6359477e+03
   6.8686983e+02   1.6022257e+03
