   5.1339965e+02   1.6095827e+03
   4.7831449e+02   1.6123961e+03
   4.4574976e+02   1.6200959e+03
   4.2043320e+02   1.6278873e+03
   4.5254526e+02   1.6882097e+03
   4.9716735e+02   1.7207026e+03
   5.6005480e+02   1.7323248e+03
   6.2409320e+02   1.7276649e+03
   6.7539071e+02   1.6908048e+03
   7.1534987e+02   1.6280203e+03
   6.8780299e+02   1.6214152e+03
   6.5352371e+02   1.6167426e+03
   6.2231870e+02   1.6128690e+03
   5.6471463e+02   1.6318085e+03
   4.8311504e+02   1.6343506e+03
   4.3536282e+02   1.6281141e+03
   4.8313378e+02   1.6343320e+03
   5.1010205e+02   1.6446617e+03
   5.6348710e+02   1.6582343e+03
   6.2015551e+02   1.6478743e+03
   6.4956960e+02   1.6347596e+03
   7.0624682e+02   1.6298503e+03
   6.4956471e+02   1.6347860e+03
   6.2015210e+02   1.6478332e+03
   5.6347513e+02   1.6582033e+03
   5.1009725e+02   1.6446079e+03
   4.5729832e+02   1.4293136e+03
   5.7725667e+02   1.4865687e+03
   6.9938605e+02   1.4470504e+03
