   5.0584303e+02   1.6052570e+03
   4.6974396e+02   1.6062710e+03
   4.3348181e+02   1.6131987e+03
   4.0867212e+02   1.6222172e+03
   4.4567216e+02   1.6813953e+03
   4.8434454e+02   1.7191332e+03
   5.4659344e+02   1.7346509e+03
   6.1411931e+02   1.7265338e+03
   6.6158720e+02   1.6808185e+03
   6.9733895e+02   1.6191185e+03
   6.7534996e+02   1.6127096e+03
   6.3155668e+02   1.6084105e+03
   5.9277026e+02   1.6094650e+03
   5.4565365e+02   1.6238724e+03
   4.6342170e+02   1.6285433e+03
   4.2598991e+02   1.6226363e+03
   4.6342047e+02   1.6285047e+03
   4.9688459e+02   1.6370672e+03
   5.4594925e+02   1.6492321e+03
   5.9711428e+02   1.6402106e+03
   6.3712520e+02   1.6274721e+03
   6.8493053e+02   1.6211974e+03
   6.3715610e+02   1.6274612e+03
   5.9710733e+02   1.6402146e+03
   5.4598788e+02   1.6492145e+03
   4.9687822e+02   1.6371185e+03
   4.4645937e+02   1.4192151e+03
   5.6764684e+02   1.4668600e+03
   6.7898931e+02   1.4413363e+03
