   4.8652755e+02   1.6245212e+03
   4.5374379e+02   1.6260121e+03
   4.2195086e+02   1.6310240e+03
   3.9664065e+02   1.6362639e+03
   4.2083541e+02   1.6913974e+03
   4.5887732e+02   1.7288996e+03
   5.2565167e+02   1.7488066e+03
   5.9690565e+02   1.7407229e+03
   6.4081802e+02   1.7011732e+03
   6.6670454e+02   1.6466113e+03
   6.4809417e+02   1.6394796e+03
   6.1721784e+02   1.6320040e+03
   5.7944666e+02   1.6281355e+03
   5.2821652e+02   1.6385599e+03
   4.3953512e+02   1.6489592e+03
   4.0691165e+02   1.6394901e+03
   4.3953895e+02   1.6489929e+03
   4.7381997e+02   1.6589229e+03
   5.2706282e+02   1.6728649e+03
   5.8245790e+02   1.6634739e+03
   6.2369673e+02   1.6501182e+03
   6.5808621e+02   1.6464506e+03
   6.2374540e+02   1.6501218e+03
   5.8247270e+02   1.6634883e+03
   5.2710943e+02   1.6728689e+03
   4.7386664e+02   1.6588839e+03
   4.3783827e+02   1.4207305e+03
   5.5079404e+02   1.4631960e+03
   6.6436425e+02   1.4261897e+03
