   4.7168320e+02   1.4211364e+03
   4.3640479e+02   1.4276065e+03
   3.9716065e+02   1.4352857e+03
   3.5759899e+02   1.4324902e+03
   3.9567100e+02   1.5014055e+03
   4.5490956e+02   1.5544730e+03
   5.3689432e+02   1.5675121e+03
   6.2815424e+02   1.5536443e+03
   6.8101369e+02   1.5057734e+03
   7.1435615e+02   1.4461400e+03
   6.7873083e+02   1.4489041e+03
   6.4045779e+02   1.4361248e+03
   5.9880182e+02   1.4271506e+03
   5.3774276e+02   1.4473098e+03
   4.2188060e+02   1.4582712e+03
   3.7145351e+02   1.4392596e+03
   4.2189737e+02   1.4582895e+03
   4.7466135e+02   1.4744531e+03
   5.3694923e+02   1.4822192e+03
   6.0109903e+02   1.4768825e+03
   6.5409418e+02   1.4612273e+03
   7.0156188e+02   1.4521889e+03
   6.5411221e+02   1.4611896e+03
   6.0111706e+02   1.4768775e+03
   5.3700073e+02   1.4822327e+03
   4.7464359e+02   1.4744132e+03
   4.2900312e+02   1.2330033e+03
   5.4283714e+02   1.2753407e+03
   6.5886667e+02   1.2378890e+03
