   5.2598493e+02   1.4482358e+03
   4.9773451e+02   1.4544189e+03
   4.6361871e+02   1.4632765e+03
   4.3049297e+02   1.4702972e+03
   4.6231200e+02   1.5262656e+03
   5.0436847e+02   1.5569240e+03
   5.6851283e+02   1.5667915e+03
   6.3799778e+02   1.5632271e+03
   6.9123149e+02   1.5299202e+03
   7.1845098e+02   1.4795347e+03
   6.8975844e+02   1.4712562e+03
   6.5326847e+02   1.4587439e+03
   6.2131139e+02   1.4539159e+03
   5.7094671e+02   1.4673255e+03
   4.8411382e+02   1.4787930e+03
   4.4293762e+02   1.4712353e+03
   4.8410491e+02   1.4787517e+03
   5.2141670e+02   1.4905074e+03
   5.6975369e+02   1.4992763e+03
   6.2000539e+02   1.4950359e+03
   6.5177927e+02   1.4848677e+03
   7.0569701e+02   1.4803254e+03
   6.5176407e+02   1.4848694e+03
   6.2004536e+02   1.4950571e+03
   5.6974068e+02   1.4992748e+03
   5.2141731e+02   1.4905353e+03
   4.9434888e+02   1.2884529e+03
   5.8943044e+02   1.3280923e+03
   6.9637478e+02   1.2980799e+03
