   5.5105912e+02   1.5710994e+03
   5.1010527e+02   1.5742351e+03
   4.7422230e+02   1.5843756e+03
   4.4570872e+02   1.5974517e+03
   4.6931849e+02   1.6710835e+03
   5.2134158e+02   1.7254820e+03
   5.8875422e+02   1.7452572e+03
   6.5188072e+02   1.7334590e+03
   7.0406683e+02   1.6845752e+03
   7.4731635e+02   1.5988147e+03
   7.1972853e+02   1.5897802e+03
   6.9069256e+02   1.5781183e+03
   6.6126392e+02   1.5749676e+03
   6.0383148e+02   1.5902065e+03
   5.0909548e+02   1.5948341e+03
   4.5773354e+02   1.5972626e+03
   4.9328415e+02   1.6381969e+03
   5.3177142e+02   1.6632598e+03
   5.9680626e+02   1.6783932e+03
   6.5660705e+02   1.6689244e+03
   7.0469595e+02   1.6399094e+03
   7.3631063e+02   1.6025458e+03
   6.9227202e+02   1.5994150e+03
   6.5697353e+02   1.6056512e+03
   6.0312884e+02   1.6136640e+03
   5.4998300e+02   1.6055769e+03
   4.9793863e+02   1.3985994e+03
   6.2422681e+02   1.4403732e+03
   7.4093509e+02   1.4037944e+03
