   5.0691114e+02   1.4369111e+03
   4.7335551e+02   1.4431334e+03
   4.2895555e+02   1.4481110e+03
   3.8513883e+02   1.4468666e+03
   4.3264444e+02   1.5092666e+03
   4.8486667e+02   1.5547777e+03
   5.5855555e+02   1.5738889e+03
   6.3593333e+02   1.5592222e+03
   6.9762219e+02   1.5123778e+03
   7.3948879e+02   1.4548666e+03
   6.9628889e+02   1.4565557e+03
   6.5219994e+02   1.4449109e+03
   6.0766663e+02   1.4409111e+03
   5.5855555e+02   1.4573557e+03
   4.4166667e+02   1.4624861e+03
   3.9433332e+02   1.4495333e+03
   4.4166667e+02   1.4625111e+03
   4.8988889e+02   1.4823585e+03
   5.5677783e+02   1.4935459e+03
   6.2284031e+02   1.4873236e+03
   6.6877780e+02   1.4708792e+03
   7.3224431e+02   1.4579779e+03
   6.6877780e+02   1.4708666e+03
   6.2277787e+02   1.4873110e+03
   5.5677783e+02   1.4935333e+03
   4.8988889e+02   1.4823334e+03
   4.5820001e+02   1.2518000e+03
   5.6980004e+02   1.2916000e+03
   6.8720000e+02   1.2560001e+03
