   4.6116623e+02   1.1972733e+03
   4.3613745e+02   1.2046478e+03
   4.1427238e+02   1.2185803e+03
   3.9240741e+02   1.2367267e+03
   4.2191195e+02   1.2746000e+03
   4.5168147e+02   1.2966708e+03
   5.0120576e+02   1.3114198e+03
   5.5784281e+02   1.2961440e+03
   5.9472514e+02   1.2714394e+03
   6.2844353e+02   1.2393605e+03
   6.0051929e+02   1.2191070e+03
   5.7259505e+02   1.2057012e+03
   5.3571610e+02   1.1956929e+03
   4.9804524e+02   1.2088617e+03
   4.2725002e+02   1.2401249e+03
   4.0099999e+02   1.2369499e+03
   4.2725002e+02   1.2401500e+03
   4.5600003e+02   1.2427126e+03
   4.9924998e+02   1.2479625e+03
   5.4056242e+02   1.2457125e+03
   5.7800000e+02   1.2382126e+03
   6.1779997e+02   1.2372000e+03
   5.7800000e+02   1.2382001e+03
   5.4049989e+02   1.2456999e+03
   4.9924998e+02   1.2479500e+03
   4.5600003e+02   1.2426875e+03
   4.2620000e+02   1.0795777e+03
   5.0624446e+02   1.1012666e+03
   5.9175555e+02   1.0712224e+03
