   4.9042170e+02   1.2897109e+03
   4.4858887e+02   1.3006531e+03
   4.1095772e+02   1.3104788e+03
   3.8663550e+02   1.3183500e+03
   4.2534808e+02   1.3569193e+03
   4.7327148e+02   1.3814258e+03
   5.2778602e+02   1.3879086e+03
   5.8391446e+02   1.3766526e+03
   6.2931598e+02   1.3422129e+03
   6.5269092e+02   1.3089623e+03
   6.3403233e+02   1.3054022e+03
   6.0285861e+02   1.2958538e+03
   5.6624130e+02   1.2881540e+03
   5.2693511e+02   1.3004357e+03
   4.3920782e+02   1.3282109e+03
   3.9731463e+02   1.3188904e+03
   4.3919910e+02   1.3281884e+03
   4.7454906e+02   1.3343902e+03
   5.2711448e+02   1.3368740e+03
   5.6767611e+02   1.3298505e+03
   6.0187524e+02   1.3204873e+03
   6.4279949e+02   1.3107054e+03
   6.0187093e+02   1.3204693e+03
   5.6768455e+02   1.3298576e+03
   5.2714052e+02   1.3368517e+03
   4.7453164e+02   1.3343769e+03
   4.5725122e+02   1.1442647e+03
   5.2805755e+02   1.1777228e+03
   5.9759843e+02   1.1425720e+03
