   5.5372204e+02   1.5156104e+03
   5.2184108e+02   1.5171538e+03
   4.7828597e+02   1.5198584e+03
   4.1996505e+02   1.5168671e+03
   4.7093464e+02   1.6040128e+03
   5.2798014e+02   1.6533677e+03
   5.8886269e+02   1.6657160e+03
   6.6457031e+02   1.6375254e+03
   7.0847722e+02   1.5780210e+03
   7.4230852e+02   1.5107329e+03
   7.0992394e+02   1.5139179e+03
   6.8061046e+02   1.5128498e+03
   6.3890872e+02   1.5127135e+03
   5.9176656e+02   1.5279916e+03
   4.8545439e+02   1.5347961e+03
   4.2672209e+02   1.5210942e+03
   4.7870153e+02   1.5569192e+03
   5.2962088e+02   1.5809372e+03
   5.9090795e+02   1.5970988e+03
   6.4292714e+02   1.5812072e+03
   6.9409146e+02   1.5421768e+03
   7.3922351e+02   1.5130085e+03
   6.8908729e+02   1.5258130e+03
   6.5578996e+02   1.5377273e+03
   5.9030992e+02   1.5488112e+03
   5.3420488e+02   1.5412610e+03
   4.7342396e+02   1.3662272e+03
   5.8936594e+02   1.4067725e+03
   7.0759782e+02   1.3751668e+03
