   5.7222123e+02   1.0599030e+03
   5.3082762e+02   1.0680612e+03
   4.9871266e+02   1.0743015e+03
   4.6387826e+02   1.0862215e+03
   4.9517295e+02   1.1140241e+03
   5.5022755e+02   1.1339986e+03
   6.1345331e+02   1.1382165e+03
   6.7401486e+02   1.1221317e+03
   7.1178786e+02   1.0991390e+03
   7.4565836e+02   1.0778117e+03
   7.1010914e+02   1.0618109e+03
   6.8322471e+02   1.0558487e+03
   6.3967630e+02   1.0569244e+03
   6.1108483e+02   1.0673633e+03
   5.1138638e+02   1.0882250e+03
   4.8226873e+02   1.0889040e+03
   5.1132629e+02   1.0881665e+03
   5.5175255e+02   1.0856737e+03
   6.1124821e+02   1.0915759e+03
   6.5482707e+02   1.0829365e+03
   6.9382759e+02   1.0793278e+03
   7.2679758e+02   1.0798596e+03
   6.9360357e+02   1.0785535e+03
   6.5463073e+02   1.0829073e+03
   6.1138288e+02   1.0917192e+03
   5.5081141e+02   1.0859356e+03
   5.1669262e+02   9.4620960e+02
   6.0001242e+02   9.7093095e+02
   6.8470182e+02   9.3651439e+02
