   5.7069553e+02   9.3610853e+02
   5.2930519e+02   9.5435161e+02
   4.8542369e+02   1.0000691e+03
   4.6797142e+02   1.0813715e+03
   4.7955058e+02   1.1442389e+03
   5.2555279e+02   1.1972790e+03
   5.9430594e+02   1.2149148e+03
   6.5864433e+02   1.1976718e+03
   7.0213274e+02   1.1457758e+03
   7.3303317e+02   1.0759882e+03
   7.1129778e+02   9.9672273e+02
   6.8272280e+02   9.5841472e+02
   6.4067016e+02   9.3738094e+02
   6.0715287e+02   9.4149480e+02
   5.0351138e+02   1.0335354e+03
   4.8247865e+02   1.0863054e+03
   5.0454440e+02   1.1150233e+03
   5.4551010e+02   1.1422228e+03
   5.9420192e+02   1.1558068e+03
   6.5823125e+02   1.1358925e+03
   7.0315292e+02   1.1038637e+03
   7.2025857e+02   1.0720799e+03
   6.8942268e+02   1.0294976e+03
   6.4517015e+02   1.0013338e+03
   6.0198243e+02   9.9228986e+02
   5.4873442e+02   1.0009736e+03
   5.1752329e+02   7.7516437e+02
   5.9733315e+02   8.2678432e+02
   6.7455444e+02   7.6728603e+02
