   5.8006869e+02   1.2053158e+03
   5.4766518e+02   1.2066383e+03
   5.0317976e+02   1.2122181e+03
   4.5490315e+02   1.2239988e+03
   4.9597960e+02   1.2656426e+03
   5.4786512e+02   1.2951400e+03
   6.1685407e+02   1.3094853e+03
   6.7611652e+02   1.2951520e+03
   7.2169847e+02   1.2506249e+03
   7.5666029e+02   1.2188736e+03
   7.0957516e+02   1.2075046e+03
   6.7760405e+02   1.2043710e+03
   6.5112099e+02   1.2048394e+03
   6.1333628e+02   1.2148151e+03
   5.1910110e+02   1.2288793e+03
   4.7871882e+02   1.2229569e+03
   5.1966553e+02   1.2292690e+03
   5.6688684e+02   1.2421346e+03
   6.1551080e+02   1.2475558e+03
   6.6698604e+02   1.2335302e+03
   7.0113496e+02   1.2239781e+03
   7.3650645e+02   1.2171318e+03
   7.0162510e+02   1.2244158e+03
   6.6630085e+02   1.2337815e+03
   6.1617301e+02   1.2461998e+03
   5.6630870e+02   1.2418144e+03
   5.2944398e+02   1.0185080e+03
   6.0971536e+02   1.0564950e+03
   6.7390562e+02   1.0138161e+03
