   6.7235694e+02   1.1560208e+03
   6.4482994e+02   1.1648458e+03
   6.0516979e+02   1.1885689e+03
   5.7212519e+02   1.2091408e+03
   6.0242827e+02   1.2278050e+03
   6.4798383e+02   1.2413426e+03
   6.9447293e+02   1.2383281e+03
   7.2499469e+02   1.2143094e+03
   7.3940002e+02   1.1843646e+03
   7.5195990e+02   1.1585273e+03
   7.4582316e+02   1.1533354e+03
   7.3612697e+02   1.1505596e+03
   7.2271942e+02   1.1514164e+03
   6.9837246e+02   1.1596020e+03
   6.2689221e+02   1.2026119e+03
   5.9236580e+02   1.2060622e+03
   6.2703570e+02   1.2025626e+03
   6.5453842e+02   1.1953150e+03
   6.9718400e+02   1.1952561e+03
   7.1988630e+02   1.1785152e+03
   7.3208196e+02   1.1668728e+03
   7.4284674e+02   1.1618749e+03
   7.3194485e+02   1.1671774e+03
   7.2086567e+02   1.1775483e+03
   6.9713450e+02   1.1951573e+03
   6.5535770e+02   1.1945357e+03
   5.4268387e+02   9.8831991e+02
   6.4212344e+02   1.0139593e+03
   6.9274548e+02   9.6873678e+02
