   4.7587330e+02   1.1187731e+03
   4.5544810e+02   1.1235143e+03
   4.3915449e+02   1.1358411e+03
   4.2214623e+02   1.1511625e+03
   4.2761153e+02   1.1900738e+03
   4.4786010e+02   1.2234447e+03
   4.8747232e+02   1.2474075e+03
   5.4496023e+02   1.2453327e+03
   5.9451870e+02   1.2201069e+03
   6.1853801e+02   1.2003792e+03
   5.7755093e+02   1.1660027e+03
   5.4443874e+02   1.1449369e+03
   5.2041831e+02   1.1282758e+03
   4.9209337e+02   1.1326044e+03
   4.5995717e+02   1.1758640e+03
   4.3638535e+02   1.1558432e+03
   4.6030543e+02   1.1762895e+03
   4.8579406e+02   1.1867238e+03
   5.1318529e+02   1.1892807e+03
   5.4934133e+02   1.1863653e+03
   5.7145938e+02   1.1904741e+03
   5.9900105e+02   1.1954058e+03
   5.7185309e+02   1.1900722e+03
   5.4957461e+02   1.1865667e+03
   5.1222259e+02   1.1896115e+03
   4.8520894e+02   1.1867634e+03
   4.9600999e+02   9.7302797e+02
   5.5199723e+02   1.0183319e+03
   6.4897621e+02   9.8590589e+02
