   4.9698518e+02   1.3156161e+03
   4.4860380e+02   1.3212348e+03
   4.1409684e+02   1.3306022e+03
   3.8907135e+02   1.3361067e+03
   4.0874319e+02   1.3716974e+03
   4.6028506e+02   1.4107996e+03
   5.4229222e+02   1.4320909e+03
   6.2035036e+02   1.4132579e+03
   6.6513383e+02   1.3720484e+03
   7.0095935e+02   1.3339997e+03
   6.6056869e+02   1.3306021e+03
   6.2685030e+02   1.3219372e+03
   5.9278056e+02   1.3135090e+03
   5.4194100e+02   1.3286093e+03
   4.4939234e+02   1.3537791e+03
   4.0487379e+02   1.3410229e+03
   4.4939234e+02   1.3539022e+03
   4.9004805e+02   1.3616279e+03
   5.4158998e+02   1.3665439e+03
   5.9910148e+02   1.3591695e+03
   6.4397114e+02   1.3489857e+03
   6.7997555e+02   1.3364579e+03
   6.4397121e+02   1.3490998e+03
   5.9910148e+02   1.3592836e+03
   5.4158998e+02   1.3666580e+03
   4.9004805e+02   1.3615049e+03
   4.5500245e+02   1.1461950e+03
   5.5179999e+02   1.1806000e+03
   6.3940980e+02   1.1485926e+03
