   4.5572494e+02   1.4702400e+03
   4.2387565e+02   1.4718295e+03
   3.8969570e+02   1.4758316e+03
   3.5840172e+02   1.4763656e+03
   3.8679215e+02   1.5372204e+03
   4.4915989e+02   1.6125522e+03
   5.2288518e+02   1.6315654e+03
   5.9610800e+02   1.6100414e+03
   6.4788985e+02   1.5432043e+03
   6.8418902e+02   1.4759720e+03
   6.4582335e+02   1.4744950e+03
   5.9752163e+02   1.4719361e+03
   5.4776921e+02   1.4681239e+03
   5.0208706e+02   1.4844326e+03
   4.0860086e+02   1.4892055e+03
   3.6957070e+02   1.4833864e+03
   4.0635849e+02   1.5244655e+03
   4.5883106e+02   1.5581716e+03
   5.1256419e+02   1.5745255e+03
   5.9280637e+02   1.5524351e+03
   6.4265323e+02   1.5119021e+03
   6.7492703e+02   1.4788877e+03
   6.4497794e+02   1.4856288e+03
   5.9181587e+02   1.4898591e+03
   5.0457965e+02   1.5049563e+03
   4.5306015e+02   1.4922755e+03
   3.9711575e+02   1.3488882e+03
   5.1682317e+02   1.3763887e+03
   6.2970821e+02   1.3341186e+03
