   5.2649674e+02   1.3770538e+03
   4.9756386e+02   1.3833051e+03
   4.6700648e+02   1.3990779e+03
   4.4324690e+02   1.4152215e+03
   4.6230280e+02   1.4510587e+03
   4.9882569e+02   1.4860942e+03
   5.6026241e+02   1.4983930e+03
   6.1259987e+02   1.4870247e+03
   6.4904318e+02   1.4413745e+03
   6.6634904e+02   1.4035560e+03
   6.4064660e+02   1.3917322e+03
   6.1612220e+02   1.3825384e+03
   5.9351891e+02   1.3745191e+03
   5.5793467e+02   1.3876175e+03
   4.8438055e+02   1.4235177e+03
   4.5765378e+02   1.4161245e+03
   4.8418267e+02   1.4237179e+03
   5.1805742e+02   1.4293059e+03
   5.5960573e+02   1.4318003e+03
   6.0266137e+02   1.4232605e+03
   6.2814574e+02   1.4142185e+03
   6.5707467e+02   1.4051461e+03
   6.2817111e+02   1.4141787e+03
   6.0264527e+02   1.4234018e+03
   5.5958874e+02   1.4319200e+03
   5.1811652e+02   1.4292477e+03
   4.7049800e+02   1.1928661e+03
   5.5719498e+02   1.2237168e+03
   6.3465515e+02   1.1848773e+03
