   4.3464509e+02   1.2363086e+03
   4.0204228e+02   1.2478131e+03
   3.7047520e+02   1.2692677e+03
   3.5789520e+02   1.2901575e+03
   3.8367293e+02   1.3642310e+03
   4.2232628e+02   1.4215276e+03
   4.9613503e+02   1.4447392e+03
   5.7257059e+02   1.4219955e+03
   6.1249312e+02   1.3623174e+03
   6.4205347e+02   1.2956171e+03
   6.1369258e+02   1.2592010e+03
   5.7243631e+02   1.2380121e+03
   5.2519276e+02   1.2275804e+03
   4.7784801e+02   1.2458690e+03
   3.9412125e+02   1.2852404e+03
   3.6562978e+02   1.2935142e+03
   3.9643234e+02   1.3464994e+03
   4.4020148e+02   1.3796020e+03
   4.9236400e+02   1.3938705e+03
   5.6358714e+02   1.3715498e+03
   6.0211690e+02   1.3353709e+03
   6.3429910e+02   1.2929757e+03
   6.0346796e+02   1.2778923e+03
   5.4124526e+02   1.2740388e+03
   4.8009115e+02   1.2761775e+03
   4.2842489e+02   1.2772956e+03
   3.9420980e+02   1.1000166e+03
   4.6920665e+02   1.1316809e+03
   5.5634114e+02   1.0958428e+03
