   4.4974539e+02   1.2291189e+03
   4.1251658e+02   1.2434237e+03
   3.8258296e+02   1.2591710e+03
   3.5420988e+02   1.2756344e+03
   3.8527427e+02   1.2994930e+03
   4.3209161e+02   1.3206421e+03
   4.9067266e+02   1.3286318e+03
   5.5572031e+02   1.3157096e+03
   5.9437720e+02   1.2876681e+03
   6.1981935e+02   1.2635725e+03
   5.9191069e+02   1.2512786e+03
   5.5561647e+02   1.2355314e+03
   5.2080210e+02   1.2266527e+03
   4.8899928e+02   1.2424375e+03
   4.0640713e+02   1.2769638e+03
   3.6843394e+02   1.2739315e+03
   4.0634462e+02   1.2769513e+03
   4.4874832e+02   1.2788891e+03
   4.8850596e+02   1.2783333e+03
   5.3214729e+02   1.2748804e+03
   5.6725473e+02   1.2667912e+03
   6.0753949e+02   1.2640661e+03
   5.6725473e+02   1.2668288e+03
   5.3214729e+02   1.2749180e+03
   4.8850596e+02   1.2783709e+03
   4.4881082e+02   1.2789016e+03
   4.0451469e+02   1.0863534e+03
   4.8760625e+02   1.1148747e+03
   5.6027174e+02   1.0809982e+03
