   5.0337468e+02   1.4251713e+03
   4.6231354e+02   1.4330000e+03
   4.2252658e+02   1.4387091e+03
   3.8860876e+02   1.4372723e+03
   4.2741854e+02   1.4874351e+03
   4.8240579e+02   1.5290146e+03
   5.4615618e+02   1.5443132e+03
   6.0937969e+02   1.5343280e+03
   6.6462965e+02   1.4908576e+03
   6.9641429e+02   1.4454274e+03
   6.7143389e+02   1.4456964e+03
   6.3220436e+02   1.4348190e+03
   5.9546196e+02   1.4298495e+03
   5.4764563e+02   1.4443503e+03
   4.4532712e+02   1.4544197e+03
   4.0420853e+02   1.4412853e+03
   4.4534482e+02   1.4543690e+03
   4.9191792e+02   1.4698823e+03
   5.4718798e+02   1.4746477e+03
   6.0266401e+02   1.4709043e+03
   6.4337717e+02   1.4578126e+03
   6.8398412e+02   1.4491063e+03
   6.4342867e+02   1.4578527e+03
   6.0267283e+02   1.4708953e+03
   5.4717453e+02   1.4746335e+03
   4.9194966e+02   1.4699330e+03
   4.6553002e+02   1.2594772e+03
   5.6118160e+02   1.2981574e+03
   6.5554631e+02   1.2686023e+03
