   4.9323886e+02   1.5097879e+03
   4.6268620e+02   1.5185634e+03
   4.3969406e+02   1.5383748e+03
   4.2719549e+02   1.5578038e+03
   4.5037300e+02   1.6262739e+03
   4.8630904e+02   1.6689433e+03
   5.4211739e+02   1.6942077e+03
   6.0697468e+02   1.6770421e+03
   6.5034220e+02   1.6254521e+03
   6.7160912e+02   1.5602328e+03
   6.5228028e+02   1.5395711e+03
   6.2465640e+02   1.5212976e+03
   5.9376695e+02   1.5131771e+03
   5.3849875e+02   1.5315885e+03
   4.7118907e+02   1.5471387e+03
   4.3436188e+02   1.5571824e+03
   4.5674097e+02   1.5808711e+03
   4.9199147e+02   1.6081086e+03
   5.4010895e+02   1.6266771e+03
   5.9318263e+02   1.6168778e+03
   6.3401688e+02   1.5865264e+03
   6.6444260e+02   1.5597342e+03
   6.1905634e+02   1.5448401e+03
   5.8995246e+02   1.5510689e+03
   5.3927332e+02   1.5560454e+03
   4.9433127e+02   1.5452331e+03
   4.6204709e+02   1.3320138e+03
   5.5235914e+02   1.3773693e+03
   6.5382735e+02   1.3438871e+03
