   5.0037300e+02   1.7551000e+03
   4.6832879e+02   1.7493074e+03
   4.3818461e+02   1.7457855e+03
   4.0120836e+02   1.7420727e+03
   4.3615210e+02   1.7836909e+03
   4.7793633e+02   1.8186799e+03
   5.4357325e+02   1.8328558e+03
   6.1428482e+02   1.8253858e+03
   6.5490797e+02   1.7936229e+03
   6.8935592e+02   1.7453571e+03
   6.5012733e+02   1.7512871e+03
   6.2150728e+02   1.7531591e+03
   5.8231750e+02   1.7555589e+03
   5.4003791e+02   1.7715276e+03
   4.5885166e+02   1.7621562e+03
   4.1256508e+02   1.7461966e+03
   4.5881796e+02   1.7621624e+03
   4.9210380e+02   1.7724108e+03
   5.4102066e+02   1.7877038e+03
   5.8854797e+02   1.7705103e+03
   6.2264552e+02   1.7601461e+03
   6.7853437e+02   1.7488227e+03
   6.2266412e+02   1.7601257e+03
   5.8856220e+02   1.7705028e+03
   5.4105819e+02   1.7877015e+03
   4.9211391e+02   1.7724040e+03
   4.3160609e+02   1.6060640e+03
   5.5495874e+02   1.6660374e+03
   6.7414426e+02   1.6237813e+03
