   5.1897983e+02   1.2349895e+03
   4.8875425e+02   1.2470716e+03
   4.5674399e+02   1.2670509e+03
   4.2825588e+02   1.2921115e+03
   4.4967345e+02   1.3293281e+03
   4.9535892e+02   1.3733723e+03
   5.5819577e+02   1.3851944e+03
   6.2102087e+02   1.3696768e+03
   6.5464129e+02   1.3258204e+03
   6.7718485e+02   1.2862512e+03
   6.6165673e+02   1.2697794e+03
   6.3131824e+02   1.2509690e+03
   5.9825162e+02   1.2377179e+03
   5.5894630e+02   1.2508391e+03
   4.6896132e+02   1.2832760e+03
   4.3501147e+02   1.2915343e+03
   4.6587215e+02   1.3035024e+03
   5.1118235e+02   1.3148483e+03
   5.5763283e+02   1.3224700e+03
   6.0059004e+02   1.3138956e+03
   6.3042590e+02   1.3005144e+03
   6.6378651e+02   1.2867708e+03
   6.3065687e+02   1.2805923e+03
   5.9877124e+02   1.2793656e+03
   5.5880204e+02   1.2800152e+03
   5.0895933e+02   1.2792920e+03
   4.8958498e+02   1.1127538e+03
   5.6635415e+02   1.1363537e+03
   6.4047717e+02   1.1103230e+03
