   4.9215858e+02   1.5407308e+03
   4.6130437e+02   1.5496064e+03
   4.3480322e+02   1.5665150e+03
   4.1409162e+02   1.5861930e+03
   4.3780593e+02   1.6556113e+03
   4.8022952e+02   1.7063016e+03
   5.4616658e+02   1.7232095e+03
   6.1698327e+02   1.7136534e+03
   6.7211734e+02   1.6582156e+03
   6.9836628e+02   1.5787497e+03
   6.7670971e+02   1.5594816e+03
   6.4312888e+02   1.5457987e+03
   6.0322444e+02   1.5390215e+03
   5.4347167e+02   1.5583056e+03
   4.6135072e+02   1.5826687e+03
   4.2634754e+02   1.5870225e+03
   4.4994633e+02   1.6172381e+03
   4.9174338e+02   1.6491020e+03
   5.4559739e+02   1.6592481e+03
   6.1204026e+02   1.6478831e+03
   6.5617775e+02   1.6177871e+03
   6.8394827e+02   1.5787048e+03
   6.2820806e+02   1.5718665e+03
   6.0261026e+02   1.5815051e+03
   5.4392955e+02   1.5910113e+03
   4.8686899e+02   1.5793531e+03
   4.4489238e+02   1.3474728e+03
   5.5853173e+02   1.3809973e+03
   6.6223737e+02   1.3459550e+03
