   5.3588263e+02   1.5519892e+03
   4.9883876e+02   1.5599284e+03
   4.6975185e+02   1.5726590e+03
   4.4369198e+02   1.5890338e+03
   4.6566651e+02   1.6547807e+03
   5.0461209e+02   1.7005551e+03
   5.7204826e+02   1.7294056e+03
   6.4450363e+02   1.7184443e+03
   6.9699925e+02   1.6725057e+03
   7.4173714e+02   1.5907654e+03
   7.1173320e+02   1.5787204e+03
   6.7722251e+02   1.5634968e+03
   6.4586847e+02   1.5563228e+03
   5.8352932e+02   1.5756845e+03
   4.9638084e+02   1.5863143e+03
   4.5310013e+02   1.5904843e+03
   4.8231997e+02   1.6223728e+03
   5.2231454e+02   1.6454691e+03
   5.7883814e+02   1.6632332e+03
   6.3931620e+02   1.6539891e+03
   6.8142632e+02   1.6277714e+03
   7.2859739e+02   1.5921425e+03
   6.8498242e+02   1.5878490e+03
   6.4366370e+02   1.5994614e+03
   5.8194330e+02   1.6049403e+03
   5.2929866e+02   1.5882837e+03
   4.8774878e+02   1.3759044e+03
   6.0771579e+02   1.4231820e+03
   7.2636340e+02   1.3824526e+03
