   4.4295999e+02   1.7509355e+03
   4.1002650e+02   1.7483127e+03
   3.7425828e+02   1.7481116e+03
   3.4958098e+02   1.7520545e+03
   3.7715880e+02   1.7927584e+03
   4.2025598e+02   1.8328315e+03
   4.8510105e+02   1.8522767e+03
   5.5806793e+02   1.8485202e+03
   6.0575153e+02   1.8142140e+03
   6.3913074e+02   1.7579178e+03
   5.9625979e+02   1.7565733e+03
   5.5746778e+02   1.7552435e+03
   5.2255542e+02   1.7550101e+03
   4.8517830e+02   1.7663027e+03
   4.0097594e+02   1.7637343e+03
   3.6046053e+02   1.7544526e+03
   4.0097295e+02   1.7637434e+03
   4.3963667e+02   1.7803242e+03
   4.8446739e+02   1.7924842e+03
   5.2915224e+02   1.7840401e+03
   5.6581490e+02   1.7718732e+03
   6.2480272e+02   1.7617567e+03
   5.6582442e+02   1.7718686e+03
   5.2915556e+02   1.7840803e+03
   4.8445497e+02   1.7924506e+03
   4.3959386e+02   1.7802733e+03
   3.7521735e+02   1.5755883e+03
   4.9778690e+02   1.6333215e+03
   6.2742561e+02   1.5981359e+03
