   5.6871181e+02   1.4174302e+03
   5.1649699e+02   1.4246019e+03
   4.6743416e+02   1.4265213e+03
   4.3034291e+02   1.4241561e+03
   4.7802793e+02   1.4777962e+03
   5.3671804e+02   1.5094508e+03
   6.1176062e+02   1.5222511e+03
   6.8481363e+02   1.5074587e+03
   7.3853227e+02   1.4694515e+03
   7.7180823e+02   1.4328264e+03
   7.4496532e+02   1.4320257e+03
   7.0517495e+02   1.4276217e+03
   6.6013546e+02   1.4201830e+03
   6.1123566e+02   1.4318836e+03
   4.9119746e+02   1.4444384e+03
   4.3776960e+02   1.4267533e+03
   4.9123599e+02   1.4444381e+03
   5.4881295e+02   1.4608224e+03
   6.1151111e+02   1.4693423e+03
   6.7370530e+02   1.4604518e+03
   7.2287740e+02   1.4454935e+03
   7.6316705e+02   1.4362301e+03
   7.2288016e+02   1.4455333e+03
   6.7369937e+02   1.4604459e+03
   6.1153480e+02   1.4693252e+03
   5.4878527e+02   1.4608200e+03
   5.1445582e+02   1.2382243e+03
   6.2305129e+02   1.2827602e+03
   7.2971272e+02   1.2453604e+03
