   5.6534864e+02   1.1332301e+03
   5.1982504e+02   1.1395988e+03
   4.8284735e+02   1.1450350e+03
   4.5560993e+02   1.1554000e+03
   4.9939897e+02   1.1651813e+03
   5.4782380e+02   1.1743422e+03
   6.0224603e+02   1.1813750e+03
   6.5996430e+02   1.1649190e+03
   6.9796600e+02   1.1567634e+03
   7.2885469e+02   1.1501273e+03
   6.9924310e+02   1.1432763e+03
   6.6756295e+02   1.1352409e+03
   6.2686363e+02   1.1329890e+03
   5.9919475e+02   1.1409427e+03
   5.1905649e+02   1.1547060e+03
   4.7997715e+02   1.1534578e+03
   5.1929780e+02   1.1541810e+03
   5.6275628e+02   1.1579195e+03
   6.0011142e+02   1.1598110e+03
   6.3611905e+02   1.1544805e+03
   6.6925699e+02   1.1495375e+03
   7.0696110e+02   1.1505081e+03
   6.6980719e+02   1.1498908e+03
   6.3637590e+02   1.1541031e+03
   6.0041069e+02   1.1601106e+03
   5.6275480e+02   1.1578987e+03
   5.0518668e+02   9.7079774e+02
   5.8828185e+02   1.0126489e+03
   6.6799921e+02   9.7609544e+02
