   5.2857672e+02   1.1066524e+03
   4.9105600e+02   1.1081997e+03
   4.5163101e+02   1.1135074e+03
   4.3030796e+02   1.1189885e+03
   4.4821431e+02   1.1443281e+03
   4.8503706e+02   1.1713444e+03
   5.5653405e+02   1.1896017e+03
   6.2701220e+02   1.1873441e+03
   6.8465218e+02   1.1658139e+03
   7.3539988e+02   1.1387885e+03
   6.9955975e+02   1.1314351e+03
   6.5389089e+02   1.1204617e+03
   6.0358718e+02   1.1105647e+03
   5.6389491e+02   1.1191384e+03
   4.7955280e+02   1.1316691e+03
   4.4322193e+02   1.1238018e+03
   4.7987109e+02   1.1320468e+03
   5.2221000e+02   1.1425215e+03
   5.6085843e+02   1.1485807e+03
   6.1091534e+02   1.1467790e+03
   6.5867400e+02   1.1439394e+03
   7.1457862e+02   1.1407586e+03
   6.5845391e+02   1.1438003e+03
   6.1211847e+02   1.1463539e+03
   5.6030875e+02   1.1483882e+03
   5.2359399e+02   1.1423656e+03
   5.0346348e+02   9.7988126e+02
   5.7595712e+02   1.0132597e+03
   6.6676003e+02   9.9007211e+02
