   5.5436416e+02   1.0948224e+03
   5.1843552e+02   1.0984541e+03
   4.7857832e+02   1.1130100e+03
   4.3825008e+02   1.1291499e+03
   4.6288196e+02   1.1877233e+03
   5.1895446e+02   1.2317068e+03
   5.9796870e+02   1.2491430e+03
   6.6951680e+02   1.2348119e+03
   7.1677116e+02   1.1889892e+03
   7.5520256e+02   1.1103150e+03
   7.2003539e+02   1.1092382e+03
   6.8176969e+02   1.0982729e+03
   6.4683535e+02   1.0935181e+03
   5.9804061e+02   1.1072101e+03
   4.9678504e+02   1.1329858e+03
   4.4835184e+02   1.1319394e+03
   4.6911382e+02   1.1600132e+03
   5.2816756e+02   1.1820256e+03
   5.9611077e+02   1.1916774e+03
   6.5696689e+02   1.1802422e+03
   7.2549577e+02   1.1461108e+03
   7.4816910e+02   1.1147530e+03
   6.9788438e+02   1.1199238e+03
   6.5172732e+02   1.1252015e+03
   5.9802175e+02   1.1333018e+03
   5.5096230e+02   1.1297668e+03
   5.0851876e+02   9.7187830e+02
   5.9289856e+02   1.0007523e+03
   6.7209153e+02   9.6840776e+02
