   6.5471880e+02   1.1222476e+03
   6.2111454e+02   1.1352182e+03
   5.9569222e+02   1.1486371e+03
   5.6278949e+02   1.1735525e+03
   5.8244850e+02   1.1915123e+03
   6.2162701e+02   1.2118549e+03
   6.7997516e+02   1.2122807e+03
   7.2108293e+02   1.1957369e+03
   7.3438446e+02   1.1671876e+03
   7.4289670e+02   1.1463386e+03
   7.3535984e+02   1.1350973e+03
   7.2067912e+02   1.1249394e+03
   7.0052580e+02   1.1174303e+03
   6.8179422e+02   1.1258987e+03
   6.1160175e+02   1.1644446e+03
   5.8779667e+02   1.1711115e+03
   6.1070793e+02   1.1647696e+03
   6.4577346e+02   1.1629205e+03
   6.8011794e+02   1.1617217e+03
   6.9717628e+02   1.1512103e+03
   7.1266320e+02   1.1429251e+03
   7.2751959e+02   1.1436817e+03
   7.1365306e+02   1.1431993e+03
   6.9734957e+02   1.1511027e+03
   6.8073818e+02   1.1613241e+03
   6.4574636e+02   1.1630432e+03
   5.3065979e+02   9.7944444e+02
   6.2942651e+02   1.0052409e+03
   6.8147840e+02   9.6662683e+02
