   4.7030832e+02   1.1390455e+03
   4.5843556e+02   1.1398263e+03
   4.3486521e+02   1.1458240e+03
   4.1683511e+02   1.1556000e+03
   4.3179185e+02   1.1741221e+03
   4.5551711e+02   1.2057144e+03
   4.9250320e+02   1.2268580e+03
   5.3315702e+02   1.2302168e+03
   5.7808163e+02   1.2140765e+03
   6.0711456e+02   1.1981726e+03
   5.6891851e+02   1.1715819e+03
   5.3668572e+02   1.1558204e+03
   5.1044802e+02   1.1452947e+03
   4.8395588e+02   1.1506001e+03
   4.4770535e+02   1.1575526e+03
   4.3293863e+02   1.1535764e+03
   4.4962443e+02   1.1579046e+03
   4.6336238e+02   1.1677710e+03
   4.8639588e+02   1.1843660e+03
   5.2472039e+02   1.1834854e+03
   5.5759478e+02   1.1877661e+03
   5.8780588e+02   1.1943875e+03
   5.5701208e+02   1.1877001e+03
   5.2468215e+02   1.1834430e+03
   4.8635004e+02   1.1839838e+03
   4.6315854e+02   1.1674521e+03
   4.9099787e+02   9.7123731e+02
   5.4592409e+02   1.0168314e+03
   6.3735598e+02   9.8375280e+02
