   6.5156741e+02   1.1459556e+03
   6.1713879e+02   1.1492885e+03
   5.7904304e+02   1.1659891e+03
   5.4532883e+02   1.1807809e+03
   5.7478560e+02   1.1948435e+03
   6.2157654e+02   1.2055280e+03
   6.8211705e+02   1.2025290e+03
   7.1296672e+02   1.1856255e+03
   7.3455666e+02   1.1692333e+03
   7.6116183e+02   1.1469483e+03
   7.4303896e+02   1.1431362e+03
   7.2055913e+02   1.1410988e+03
   6.9965708e+02   1.1420769e+03
   6.8211479e+02   1.1486336e+03
   6.1262090e+02   1.1698178e+03
   5.6432820e+02   1.1775833e+03
   6.1250297e+02   1.1698278e+03
   6.4851105e+02   1.1676683e+03
   6.8335243e+02   1.1670870e+03
   7.0637093e+02   1.1559765e+03
   7.2997291e+02   1.1522214e+03
   7.4861373e+02   1.1482166e+03
   7.3005782e+02   1.1527147e+03
   7.0606516e+02   1.1557052e+03
   6.8334271e+02   1.1671231e+03
   6.4869149e+02   1.1674593e+03
   5.3352021e+02   9.9141874e+02
   6.2814626e+02   1.0200222e+03
   6.8607850e+02   9.8229551e+02
