   5.4352387e+02   1.1524610e+03
   5.0321787e+02   1.1656110e+03
   4.6724526e+02   1.1827919e+03
   4.4382031e+02   1.2048507e+03
   4.8338879e+02   1.2293070e+03
   5.2875336e+02   1.2438384e+03
   5.9152883e+02   1.2444331e+03
   6.4717087e+02   1.2383820e+03
   6.8466886e+02   1.2167568e+03
   7.1765887e+02   1.1964586e+03
   6.9393072e+02   1.1790778e+03
   6.6524971e+02   1.1619944e+03
   6.2365354e+02   1.1510444e+03
   5.8473832e+02   1.1620951e+03
   4.9153342e+02   1.1950960e+03
   4.6259054e+02   1.1996629e+03
   4.9169661e+02   1.1954573e+03
   5.3004748e+02   1.1964696e+03
   5.8451738e+02   1.2025257e+03
   6.2259067e+02   1.1954842e+03
   6.5163964e+02   1.1894895e+03
   6.9672573e+02   1.1903900e+03
   6.5163050e+02   1.1894233e+03
   6.2188515e+02   1.1953537e+03
   5.8449550e+02   1.2027223e+03
   5.3038972e+02   1.1964868e+03
   4.9418054e+02   1.0007449e+03
   5.7975289e+02   1.0354637e+03
   6.6311600e+02   9.9558645e+02
