   5.0638253e+02   1.3596638e+03
   4.8142880e+02   1.3671389e+03
   4.4250815e+02   1.3923395e+03
   4.0903519e+02   1.4212419e+03
   4.4912257e+02   1.4994481e+03
   5.0071148e+02   1.5558764e+03
   5.8051023e+02   1.5640602e+03
   6.4362166e+02   1.5342342e+03
   6.7816240e+02   1.4624609e+03
   7.0270059e+02   1.3766544e+03
   6.7313883e+02   1.3576362e+03
   6.4287390e+02   1.3479277e+03
   6.0223795e+02   1.3441396e+03
   5.5467306e+02   1.3675753e+03
   4.5903982e+02   1.4067197e+03
   4.1592297e+02   1.4209519e+03
   4.5532628e+02   1.4656059e+03
   5.0097919e+02   1.4871159e+03
   5.7014308e+02   1.5006186e+03
   6.3614632e+02   1.4648861e+03
   6.7297960e+02   1.4176437e+03
   6.9093602e+02   1.3747952e+03
   6.5428795e+02   1.3731607e+03
   6.1625927e+02   1.3793374e+03
   5.5715962e+02   1.3965079e+03
   5.0146827e+02   1.3988290e+03
   4.4362481e+02   1.2308645e+03
   5.5629848e+02   1.2432167e+03
   6.4373757e+02   1.2045770e+03
