   4.7797079e+02   1.3541970e+03
   4.4923254e+02   1.3644654e+03
   4.1963511e+02   1.3859362e+03
   4.0021861e+02   1.4089992e+03
   4.2427990e+02   1.4634064e+03
   4.6858267e+02   1.5140679e+03
   5.4332760e+02   1.5263493e+03
   6.0259116e+02   1.5068964e+03
   6.4365729e+02   1.4445754e+03
   6.6755488e+02   1.3787422e+03
   6.3910337e+02   1.3630880e+03
   6.0653283e+02   1.3507121e+03
   5.6653243e+02   1.3440981e+03
   5.2359801e+02   1.3653260e+03
   4.4249612e+02   1.3937528e+03
   4.1165382e+02   1.4076982e+03
   4.4004696e+02   1.4387168e+03
   4.7817958e+02   1.4556497e+03
   5.3789912e+02   1.4672384e+03
   5.9714184e+02   1.4417648e+03
   6.2999456e+02   1.4104593e+03
   6.5794264e+02   1.3791322e+03
   6.1667225e+02   1.3746126e+03
   5.7633843e+02   1.3797259e+03
   5.2934880e+02   1.3887884e+03
   4.7920220e+02   1.3876804e+03
   4.2495602e+02   1.2218268e+03
   5.1553230e+02   1.2447029e+03
   6.0338209e+02   1.2094423e+03
