   5.4624579e+02   1.2026347e+03
   5.1528662e+02   1.2157026e+03
   4.7508608e+02   1.2467842e+03
   4.5154131e+02   1.2870124e+03
   4.8463439e+02   1.3621435e+03
   5.3579791e+02   1.4181078e+03
   6.1005908e+02   1.4302351e+03
   6.6969478e+02   1.4108150e+03
   7.1151131e+02   1.3460998e+03
   7.4030174e+02   1.2580732e+03
   7.1279905e+02   1.2249063e+03
   6.7860329e+02   1.2055017e+03
   6.3803257e+02   1.1941533e+03
   5.9039102e+02   1.2141723e+03
   5.0159434e+02   1.2632737e+03
   4.6092348e+02   1.2848401e+03
   5.0042225e+02   1.3280506e+03
   5.4014166e+02   1.3519011e+03
   6.0300613e+02   1.3653492e+03
   6.6972678e+02   1.3366988e+03
   7.0971438e+02   1.2957716e+03
   7.3056145e+02   1.2563580e+03
   6.9820028e+02   1.2417743e+03
   6.4979211e+02   1.2393325e+03
   5.9155856e+02   1.2462536e+03
   5.3651477e+02   1.2479848e+03
   5.0156792e+02   1.0741109e+03
   5.9343433e+02   1.0901651e+03
   6.7369680e+02   1.0559368e+03
