   5.6411307e+02   1.4701479e+03
   5.2421982e+02   1.4764014e+03
   4.7807441e+02   1.4856082e+03
   4.3350772e+02   1.4940428e+03
   4.7701039e+02   1.5366256e+03
   5.3485344e+02   1.5755537e+03
   6.0343256e+02   1.5849650e+03
   6.6457289e+02   1.5756117e+03
   7.1672095e+02   1.5323502e+03
   7.4763313e+02   1.4823649e+03
   7.1971816e+02   1.4824672e+03
   6.8543869e+02   1.4762961e+03
   6.5307561e+02   1.4712053e+03
   6.0496187e+02   1.4851063e+03
   5.0145784e+02   1.5029052e+03
   4.4762317e+02   1.4955311e+03
   5.0145231e+02   1.5028961e+03
   5.5148224e+02   1.5084993e+03
   6.0411787e+02   1.5125188e+03
   6.5971620e+02   1.5044653e+03
   6.9816414e+02   1.4956610e+03
   7.3346547e+02   1.4853548e+03
   6.9817856e+02   1.4956270e+03
   6.5972354e+02   1.5044232e+03
   6.0412862e+02   1.5124820e+03
   5.5150246e+02   1.5084904e+03
   5.0834513e+02   1.2932676e+03
   6.1953961e+02   1.3321485e+03
   7.2038362e+02   1.2954134e+03
