   4.8976780e+02   1.3396849e+03
   4.5668551e+02   1.3594499e+03
   4.2943413e+02   1.3892587e+03
   4.1756934e+02   1.4266004e+03
   4.2587182e+02   1.5065386e+03
   4.5693618e+02   1.5696238e+03
   5.3650242e+02   1.6094126e+03
   6.1341057e+02   1.5971273e+03
   6.6441981e+02   1.5335922e+03
   6.9107532e+02   1.4400686e+03
   6.7391747e+02   1.3978602e+03
   6.3278202e+02   1.3589979e+03
   5.9958170e+02   1.3429867e+03
   5.4210953e+02   1.3634592e+03
   4.4847509e+02   1.3981962e+03
   4.2397401e+02   1.4263749e+03
   4.5546046e+02   1.4920756e+03
   4.7880820e+02   1.5254851e+03
   5.4170443e+02   1.5515131e+03
   6.1590052e+02   1.5246189e+03
   6.6201026e+02   1.4755902e+03
   6.8288360e+02   1.4381152e+03
   6.3227727e+02   1.3871669e+03
   5.9648066e+02   1.3888073e+03
   5.4246024e+02   1.3932335e+03
   4.8724464e+02   1.3872979e+03
   4.4882254e+02   1.1589164e+03
   5.5645286e+02   1.1977899e+03
   6.6708768e+02   1.1610211e+03
