   4.9618518e+02   1.7275810e+03
   4.6791612e+02   1.7253221e+03
   4.3807080e+02   1.7231291e+03
   3.9723906e+02   1.7183788e+03
   4.2850217e+02   1.7643421e+03
   4.7482560e+02   1.8068202e+03
   5.4253214e+02   1.8241473e+03
   6.1087118e+02   1.8151119e+03
   6.5811209e+02   1.7801172e+03
   6.9093106e+02   1.7227661e+03
   6.5220960e+02   1.7276834e+03
   6.0758745e+02   1.7273060e+03
   5.8028544e+02   1.7293919e+03
   5.3708213e+02   1.7429178e+03
   4.4359436e+02   1.7367595e+03
   4.0697908e+02   1.7219736e+03
   4.4361228e+02   1.7367901e+03
   4.8600295e+02   1.7496132e+03
   5.3817509e+02   1.7615608e+03
   5.9175735e+02   1.7513938e+03
   6.3050147e+02   1.7396669e+03
   6.7533168e+02   1.7283346e+03
   6.3056469e+02   1.7397159e+03
   5.9177744e+02   1.7514323e+03
   5.3813775e+02   1.7615166e+03
   4.8605666e+02   1.7495648e+03
   4.2048737e+02   1.5880924e+03
   5.5162766e+02   1.6408610e+03
   6.7400392e+02   1.5973758e+03
