   5.0895933e+02   1.5757604e+03
   4.7790125e+02   1.5807977e+03
   4.4639146e+02   1.5953109e+03
   4.2177602e+02   1.6129200e+03
   4.4987848e+02   1.6975656e+03
   4.9393351e+02   1.7475623e+03
   5.5245904e+02   1.7703921e+03
   6.1339737e+02   1.7613604e+03
   6.6517774e+02   1.7096214e+03
   7.0529629e+02   1.6206845e+03
   6.8686024e+02   1.6014342e+03
   6.5251029e+02   1.5869159e+03
   6.1763202e+02   1.5770515e+03
   5.6052144e+02   1.5952423e+03
   4.7204865e+02   1.6015877e+03
   4.3412454e+02   1.6135545e+03
   4.5931859e+02   1.6598375e+03
   4.9553302e+02   1.6959927e+03
   5.5452413e+02   1.7206606e+03
   6.2080464e+02   1.7039498e+03
   6.6207399e+02   1.6649479e+03
   6.9398820e+02   1.6206989e+03
   6.5389263e+02   1.6059133e+03
   6.1142820e+02   1.6135534e+03
   5.5963586e+02   1.6200196e+03
   5.1103185e+02   1.6036767e+03
   4.6952995e+02   1.4072475e+03
   5.6864368e+02   1.4519688e+03
   6.6995670e+02   1.4170322e+03
