   4.8357995e+02   1.6429509e+03
   4.4712229e+02   1.6426147e+03
   4.1372093e+02   1.6467227e+03
   3.8306206e+02   1.6513394e+03
   4.0354736e+02   1.6922842e+03
   4.5247284e+02   1.7412459e+03
   5.1931170e+02   1.7622430e+03
   5.8580594e+02   1.7549452e+03
   6.4809352e+02   1.7117265e+03
   6.8882195e+02   1.6542647e+03
   6.6254810e+02   1.6537419e+03
   6.1154233e+02   1.6488800e+03
   5.7217843e+02   1.6466137e+03
   5.2628867e+02   1.6573046e+03
   4.3735671e+02   1.6666846e+03
   3.9602189e+02   1.6533003e+03
   4.3733167e+02   1.6666863e+03
   4.7578447e+02   1.6767894e+03
   5.2436321e+02   1.6867606e+03
   5.8335088e+02   1.6777221e+03
   6.3394350e+02   1.6652862e+03
   6.7920365e+02   1.6561276e+03
   6.3402088e+02   1.6653035e+03
   5.8326501e+02   1.6777296e+03
   5.2434705e+02   1.6867535e+03
   4.7575904e+02   1.6767699e+03
   4.1243343e+02   1.4774368e+03
   5.3785634e+02   1.5175768e+03
   6.5989134e+02   1.4794117e+03
