   5.3499348e+02   1.4282923e+03
   5.0611514e+02   1.4362395e+03
   4.6875693e+02   1.4522065e+03
   4.3965016e+02   1.4697149e+03
   4.6775822e+02   1.5636490e+03
   5.2168175e+02   1.6151912e+03
   5.8674862e+02   1.6328213e+03
   6.5596641e+02   1.6155842e+03
   7.0349256e+02   1.5475368e+03
   7.3394910e+02   1.4726485e+03
   7.0956461e+02   1.4555506e+03
   6.7537294e+02   1.4404137e+03
   6.3693672e+02   1.4281954e+03
   5.9118057e+02   1.4457673e+03
   4.9980684e+02   1.4583784e+03
   4.5436828e+02   1.4666745e+03
   4.7869745e+02   1.5072606e+03
   5.2650471e+02   1.5482417e+03
   5.8867845e+02   1.5678612e+03
   6.5732899e+02   1.5411876e+03
   6.9945128e+02   1.5038226e+03
   7.2443799e+02   1.4691298e+03
   6.8900831e+02   1.4633227e+03
   6.4846901e+02   1.4621105e+03
   5.9102839e+02   1.4715492e+03
   5.4096154e+02   1.4655298e+03
   4.9328698e+02   1.2744209e+03
   5.9169150e+02   1.3033013e+03
   6.8944076e+02   1.2762519e+03
