   4.9550854e+02   1.3016363e+03
   4.5234393e+02   1.3115996e+03
   4.1291749e+02   1.3211784e+03
   3.8945552e+02   1.3253148e+03
   4.2739740e+02   1.3672090e+03
   4.7689442e+02   1.3942385e+03
   5.3095556e+02   1.4017684e+03
   5.8785899e+02   1.3944461e+03
   6.3648236e+02   1.3606810e+03
   6.6503431e+02   1.3264520e+03
   6.4370998e+02   1.3210614e+03
   6.1051560e+02   1.3110088e+03
   5.7184345e+02   1.3025880e+03
   5.3140638e+02   1.3145839e+03
   4.4159258e+02   1.3366664e+03
   4.0288727e+02   1.3270030e+03
   4.4161241e+02   1.3366667e+03
   4.7869030e+02   1.3443387e+03
   5.3073173e+02   1.3503234e+03
   5.7739316e+02   1.3454427e+03
   6.1288213e+02   1.3367462e+03
   6.4999401e+02   1.3284508e+03
   6.1292384e+02   1.3367448e+03
   5.7740185e+02   1.3454611e+03
   5.3072549e+02   1.3503717e+03
   4.7871627e+02   1.3443617e+03
   4.6208615e+02   1.1535690e+03
   5.3680111e+02   1.1881817e+03
   6.1238306e+02   1.1551636e+03
