   5.3562175e+02   1.4369080e+03
   4.8936349e+02   1.4440875e+03
   4.4684756e+02   1.4462680e+03
   4.1909289e+02   1.4485507e+03
   4.5388792e+02   1.4905172e+03
   5.0837675e+02   1.5265726e+03
   5.7627680e+02   1.5407156e+03
   6.4182173e+02   1.5303063e+03
   6.9743641e+02   1.4912423e+03
   7.2883042e+02   1.4576455e+03
   7.0219261e+02   1.4531375e+03
   6.6352638e+02   1.4456819e+03
   6.2311327e+02   1.4403971e+03
   5.7792009e+02   1.4525910e+03
   4.7057705e+02   1.4623991e+03
   4.3534981e+02   1.4513767e+03
   4.7057644e+02   1.4623919e+03
   5.2265195e+02   1.4780415e+03
   5.7726042e+02   1.4857258e+03
   6.3029284e+02   1.4794274e+03
   6.7811472e+02   1.4676051e+03
   7.1397989e+02   1.4591950e+03
   6.7810423e+02   1.4676208e+03
   6.3029664e+02   1.4794503e+03
   5.7725881e+02   1.4856681e+03
   5.2269614e+02   1.4781237e+03
   4.8947418e+02   1.2710748e+03
   5.8861139e+02   1.3086802e+03
   6.9045573e+02   1.2784982e+03
