   5.5879779e+02   1.1541343e+03
   5.2935096e+02   1.1647246e+03
   5.0301751e+02   1.1843238e+03
   4.8036912e+02   1.2116288e+03
   4.9299054e+02   1.2414243e+03
   5.3572653e+02   1.2783099e+03
   5.9584607e+02   1.2917991e+03
   6.4991805e+02   1.2821776e+03
   6.8115209e+02   1.2433094e+03
   7.0935224e+02   1.2106366e+03
   6.7835618e+02   1.1824582e+03
   6.4934049e+02   1.1691311e+03
   6.1889232e+02   1.1556219e+03
   5.9388462e+02   1.1593791e+03
   5.2309767e+02   1.2106174e+03
   5.0120154e+02   1.2101122e+03
   5.2326449e+02   1.2104172e+03
   5.5269484e+02   1.2166676e+03
   5.9595582e+02   1.2192675e+03
   6.3779635e+02   1.2096961e+03
   6.7192248e+02   1.2034330e+03
   6.9441261e+02   1.2063659e+03
   6.7189551e+02   1.2040149e+03
   6.3832524e+02   1.2084459e+03
   5.9453827e+02   1.2196190e+03
   5.5126363e+02   1.2166980e+03
   5.1228716e+02   9.7421358e+02
   5.9042773e+02   1.0147014e+03
   6.6929027e+02   9.6938314e+02
