   5.7184916e+02   8.9429742e+02
   5.3057960e+02   9.0863172e+02
   4.7856966e+02   9.5982275e+02
   4.6566777e+02   1.0780967e+03
   4.9004078e+02   1.1524305e+03
   5.2614844e+02   1.2406548e+03
   6.1436593e+02   1.2685842e+03
   6.8159035e+02   1.2448080e+03
   7.1696319e+02   1.1802062e+03
   7.4321077e+02   1.0719429e+03
   7.1968977e+02   9.5409589e+02
   6.8865728e+02   9.0770904e+02
   6.3656409e+02   8.9059068e+02
   6.0547475e+02   8.9810231e+02
   4.9479025e+02   1.0020510e+03
   4.7881184e+02   1.0773308e+03
   5.0278763e+02   1.1387828e+03
   5.5002748e+02   1.1863105e+03
   6.1502440e+02   1.2056296e+03
   6.7899090e+02   1.1805372e+03
   7.2394689e+02   1.1132435e+03
   7.3392072e+02   1.0672505e+03
   7.0737968e+02   1.0075159e+03
   6.6655706e+02   9.7711729e+02
   6.0870265e+02   9.6540449e+02
   5.3615155e+02   9.7406709e+02
   5.1425340e+02   7.3343389e+02
   5.9784929e+02   7.8415376e+02
   6.8171800e+02   7.3019870e+02
