   4.5918122e+02   1.1308671e+03
   4.4487136e+02   1.1328624e+03
   4.3119692e+02   1.1398744e+03
   4.1832421e+02   1.1486163e+03
   4.2509326e+02   1.1717380e+03
   4.4222048e+02   1.2017218e+03
   4.8192257e+02   1.2285322e+03
   5.3432922e+02   1.2334607e+03
   5.7723737e+02   1.2153839e+03
   6.0850607e+02   1.1953864e+03
   5.7033980e+02   1.1659725e+03
   5.3207455e+02   1.1500308e+03
   5.0368110e+02   1.1382637e+03
   4.7933422e+02   1.1425008e+03
   4.4795318e+02   1.1574746e+03
   4.3185739e+02   1.1501477e+03
   4.4796442e+02   1.1575295e+03
   4.6373848e+02   1.1666313e+03
   4.8083720e+02   1.1778036e+03
   5.2663844e+02   1.1775792e+03
   5.6070155e+02   1.1823640e+03
   5.8520122e+02   1.1914458e+03
   5.6037660e+02   1.1823668e+03
   5.2673681e+02   1.1773337e+03
   4.8063803e+02   1.1776611e+03
   4.6339176e+02   1.1665006e+03
   4.8765160e+02   9.7324827e+02
   5.2926306e+02   1.0137552e+03
   6.2083735e+02   9.9531946e+02
