   5.5423026e+02   1.1637204e+03
   5.0146209e+02   1.1803496e+03
   4.6167143e+02   1.1927748e+03
   4.4945011e+02   1.2145840e+03
   4.9833888e+02   1.2318980e+03
   5.3570970e+02   1.2468942e+03
   6.0666878e+02   1.2530529e+03
   6.6563955e+02   1.2382716e+03
   7.0765163e+02   1.2201961e+03
   7.5420279e+02   1.2027364e+03
   7.3450587e+02   1.1887020e+03
   6.9092173e+02   1.1728067e+03
   6.4256942e+02   1.1648662e+03
   6.0503950e+02   1.1766542e+03
   4.8424498e+02   1.2080000e+03
   4.6103960e+02   1.2130410e+03
   4.8533105e+02   1.2076187e+03
   5.0015233e+02   1.2080887e+03
   5.2999997e+02   1.2061683e+03
   6.0376820e+02   1.2113207e+03
   6.5023174e+02   1.2055525e+03
   7.2254182e+02   1.1988091e+03
   6.5000000e+02   1.2052000e+03
   6.0338408e+02   1.2112795e+03
   5.2900000e+02   1.2052000e+03
   5.0031786e+02   1.2069404e+03
   5.1387530e+02   1.0101396e+03
   6.0080002e+02   1.0416001e+03
   6.7192693e+02   1.0050869e+03
