   5.5717655e+02   1.1220533e+03
   5.1365161e+02   1.1257799e+03
   4.7562521e+02   1.1352444e+03
   4.4729497e+02   1.1392817e+03
   4.8205176e+02   1.1583749e+03
   5.3838324e+02   1.1754938e+03
   5.9998467e+02   1.1827327e+03
   6.6206498e+02   1.1734411e+03
   7.0745484e+02   1.1526469e+03
   7.3990303e+02   1.1318328e+03
   7.2699926e+02   1.1315993e+03
   6.9412100e+02   1.1267895e+03
   6.4334383e+02   1.1214966e+03
   6.0172828e+02   1.1319268e+03
   5.0089049e+02   1.1447901e+03
   4.6683276e+02   1.1426447e+03
   5.0090189e+02   1.1448230e+03
   5.4901019e+02   1.1507777e+03
   6.0043316e+02   1.1541646e+03
   6.4960281e+02   1.1463490e+03
   6.8612272e+02   1.1382163e+03
   7.2611716e+02   1.1341523e+03
   6.8598413e+02   1.1381924e+03
   6.4943796e+02   1.1463372e+03
   6.0006520e+02   1.1543128e+03
   5.4874884e+02   1.1505837e+03
   5.1462351e+02   9.7861944e+02
   5.9762135e+02   1.0129387e+03
   6.7558801e+02   9.7591920e+02
