   5.7519746e+02   1.1627526e+03
   5.3507990e+02   1.1594623e+03
   4.8886967e+02   1.1525784e+03
   4.5337110e+02   1.1487868e+03
   4.8859982e+02   1.1526900e+03
   5.4507340e+02   1.1603850e+03
   6.0872440e+02   1.1648663e+03
   6.5555558e+02   1.1539450e+03
   6.9712471e+02   1.1433520e+03
   7.2018113e+02   1.1386192e+03
   6.9692464e+02   1.1432616e+03
   6.6957029e+02   1.1504243e+03
   6.4386892e+02   1.1568359e+03
   6.0867529e+02   1.1647141e+03
   5.1655580e+02   1.1577960e+03
   4.8076463e+02   1.1518619e+03
   5.1680193e+02   1.1577697e+03
   5.6761264e+02   1.1621415e+03
   6.0864104e+02   1.1650031e+03
   6.5466279e+02   1.1541708e+03
   6.9191777e+02   1.1444795e+03
   7.1169336e+02   1.1400200e+03
   6.9189254e+02   1.1444512e+03
   6.5477480e+02   1.1542493e+03
   6.0868404e+02   1.1648715e+03
   5.6760048e+02   1.1621529e+03
   5.0954831e+02   9.8958769e+02
   5.9434290e+02   1.0254417e+03
   6.7320078e+02   9.8122586e+02
