   5.4280740e+02   1.1187583e+03
   5.0269860e+02   1.1420760e+03
   4.7568701e+02   1.1691483e+03
   4.5375892e+02   1.2036686e+03
   4.8925909e+02   1.2429365e+03
   5.3472267e+02   1.2767114e+03
   5.9503214e+02   1.2859281e+03
   6.4535761e+02   1.2770280e+03
   6.8978986e+02   1.2388616e+03
   7.1727997e+02   1.1949809e+03
   6.9125331e+02   1.1582031e+03
   6.6562680e+02   1.1338477e+03
   6.2729447e+02   1.1185597e+03
   5.9025637e+02   1.1366856e+03
   5.1394878e+02   1.1761242e+03
   4.8717743e+02   1.1930821e+03
   5.1643886e+02   1.2108970e+03
   5.5107200e+02   1.2115407e+03
   5.9108652e+02   1.2173166e+03
   6.2898176e+02   1.2094386e+03
   6.5526680e+02   1.2013731e+03
   6.8165266e+02   1.1899336e+03
   6.5662784e+02   1.1694964e+03
   6.2812418e+02   1.1689187e+03
   5.8974576e+02   1.1701179e+03
   5.4451708e+02   1.1713655e+03
   5.0701816e+02   9.7662290e+02
   5.8454725e+02   1.0093734e+03
   6.5835014e+02   9.7210889e+02
